2000
130 1 727092454
1401 2 130147251
1668 3 431606889
569 9 943833614
1164 15 873885194
1345 17 34696796
96 23 217458341
709 24 4334273
249 28 535068517
885 30 752052573
100 31 349729799
970 33 718302232
1941 37 96674557
1898 38 332080371
881 39 642673241
928 40 261492910
1285 41 325921687
1338 42 92073006
927 44 652636807
1742 45 207457638
242 48 480825833
799 49 669231213
1676 51 914067925
142 56 836039694
897 59 850793993
1461 60 259396395
1421 61 890746208
513 65 753532373
1674 66 499756581
1257 69 754294064
1417 72 437861462
356 74 601150764
1655 77 58938922
1520 80 732796329
587 81 575224614
1856 82 734594723
1815 87 600221488
169 90 154020505
842 96 62328614
1834 100 229014580
481 103 983058592
1123 108 385317968
1859 112 80404899
1688 113 594388695
1303 114 590614620
1529 120 177436048
1312 121 385121823
571 123 420228456
317 124 758817576
1967 125 586373730
1084 129 917950747
78 132 589928
1741 133 12329026
1746 135 597233184
1166 136 740881205
1013 139 258028685
308 144 84624733
1739 146 905263268
1813 147 171488438
1020 150 893346149
1647 153 331706997
1160 156 708836763
311 158 16610418
1121 159 171441986
466 161 588237705
1272 165 580110869
993 169 175668997
20 170 230562473
1381 171 714361103
782 172 69528393
562 173 847509197
1194 175 592733167
903 178 402388187
141 180 653089516
1484 141 405191285
848 182 742403819
1748 185 61771409
766 187 186969275
1022 191 276040786
773 193 695733018
579 198 687978713
989 207 264119494
747 209 315362357
1929 210 968110039
1533 212 849519860
1455 213 442407820
1574 215 679553752
1808 216 717570943
916 217 418753816
677 220 782795251
190 221 477156519
1819 190 846023828
586 224 542216126
397 225 573037049
137 231 791971202
1889 233 76383323
490 241 536277327
194 243 109552460
523 194 622638036
349 246 71616487
12 247 441326737
1844 255 827294125
835 256 980981173
1745 259 574136077
1874 262 792740171
1143 265 875473985
531 268 37534415
1724 269 666025709
1758 271 549473707
1345 272 555167800
715 274 33747336
266 275 127720019
364 276 501041032
1086 278 928172871
932 282 786395724
606 284 434920562
1143 285 676271645
257 287 404104372
1481 257 590894826
1790 288 834251908
978 293 438483934
1586 295 75819724
839 297 412052464
240 298 633570691
827 302 20709628
815 304 55262672
745 307 235066749
675 313 3775110
1645 314 992946877
62 315 68348022
1005 316 152068867
507 318 404024634
884 320 464400925
1394 321 741699225
1961 322 37836846
1086 327 709998779
1234 338 8731884
569 343 169838795
700 345 111644498
1711 356 545828844
1489 358 942867115
1565 360 387564838
737 361 120452403
1209 365 194106761
1769 367 412173106
1637 368 434013701
1294 375 337253806
1971 377 279434473
1610 378 23210018
50 380 69890727
1720 50 652519055
1197 381 281040948
1709 382 467488985
208 384 489271238
1950 387 534515957
1493 391 583862753
1630 394 484742090
1398 398 670825589
1118 401 816945717
383 406 11511947
543 407 705984670
1300 415 999696880
975 416 875560922
1936 419 179262560
1254 421 856454401
1617 423 511845610
1211 424 546980522
1489 426 964041949
1387 427 820394655
811 430 179628354
1256 435 667579668
1701 436 37851907
413 437 112959949
1639 438 991754462
835 442 948950926
1397 443 127386054
283 447 645554576
998 448 338357148
444 453 827595442
1736 454 273783928
104 455 873846702
1939 460 857942019
1749 464 415793092
1475 465 34988839
735 466 731430435
667 468 449208677
1187 470 248245964
1643 474 461420751
379 475 189167935
5 478 768181748
1457 479 629381178
396 481 772889982
462 396 697900903
635 462 189209780
403 483 923971256
35 484 761792708
682 35 754491078
346 487 246016723
471 489 489542725
174 471 179111241
154 174 706565824
13 154 122340389
864 13 493604177
1831 490 816768909
118 491 198769398
1920 492 494101994
422 494 166515170
1856 422 836844159
143 495 878741836
520 143 373987764
325 504 654672952
809 325 896922188
1935 506 51772870
109 511 613365040
1940 513 488857749
245 519 872912814
731 245 600296878
505 521 724435650
1850 523 476620961
1682 524 119975055
1920 527 17077584
1368 528 741454018
1721 533 298553530
385 536 192373533
1740 385 808483110
1960 538 913254630
1975 541 833422406
219 543 76707020
1857 219 800869824
138 544 348029429
965 545 62985332
1204 555 151116757
281 557 631462667
1798 560 406484315
1141 561 997824702
1231 562 104795559
410 563 787211263
1917 565 814097928
1840 566 287216337
266 569 453477606
1787 266 558554269
1607 570 262998112
457 573 649858624
449 457 108840272
434 578 569157694
348 434 605518935
84 348 269184496
1887 580 733150513
1364 583 407481636
47 584 16748638
1355 586 872114599
250 588 424537254
167 250 584596971
286 590 145619030
510 591 420573952
1644 592 200059585
296 598 16205875
1381 599 739547218
283 600 879158910
1024 601 366466958
522 605 287353305
78 522 618767882
546 78 255052204
1349 613 725286198
431 617 505704475
364 618 228537110
625 620 64700572
624 623 663128889
68 625 706398428
1205 628 323665401
1007 629 650446376
1343 631 109561600
1022 634 510823713
1993 635 257826810
717 638 977551277
531 640 800227235
258 642 995077134
1083 258 168197471
554 644 522775075
1814 645 354114668
968 647 626384600
1349 654 136076849
1661 655 939837082
835 656 758819354
1504 658 860199221
701 661 349428375
516 662 695671154
729 516 799091058
1888 663 16510504
1184 669 966399766
1679 671 559318915
189 673 155451550
105 189 296158103
1854 676 291827584
1145 685 804146254
539 691 853169580
1876 539 953558531
1788 694 59645842
913 695 437062726
1751 696 873219722
693 698 165527934
1925 700 367521578
622 703 542003691
1100 622 682028118
253 708 7481586
111 253 143529211
83 111 60547217
115 710 760003904
211 713 838521139
138 716 71917487
1691 717 60750690
1924 719 312093718
25 720 155552466
1836 25 897971049
1667 721 895448148
1448 724 621497797
223 728 459133071
1880 729 257437506
499 731 404312337
1338 732 869375492
1508 733 393602542
1162 734 867748343
379 736 126173484
1188 738 921422087
1940 741 498759681
1696 743 493506695
473 744 830279597
95 751 567380494
1077 752 86575052
1640 757 198179018
36 758 455391127
1789 764 555208831
402 766 626037032
942 768 527020473
1938 770 189555873
651 774 153609194
1016 651 713180331
1780 780 522462557
606 781 357973651
116 783 652188456
722 116 632670577
567 722 307328877
1363 567 93272598
359 784 405194733
218 359 2553466
1069 218 850704660
1681 791 510900018
458 795 927091461
933 798 594641306
804 800 199950598
1074 803 423916630
1289 804 755987863
1832 805 665059706
1526 806 587423726
232 808 288065792
735 232 385403371
1566 811 137083186
1782 812 769163407
1444 813 605925141
709 815 897781461
711 816 598774753
309 817 478828372
252 818 973644094
1054 821 498425455
1138 823 877502346
1144 825 942150936
963 827 237488264
1160 833 646973157
1012 835 672814151
499 836 336969798
1241 499 188022767
1175 839 540764757
330 842 736090236
1781 330 115599914
1579 843 217846353
1413 846 118837493
137 848 11878178
1213 849 624382939
939 851 46415115
20 852 940992767
122 20 836005394
197 854 687438024
1396 857 663579288
957 860 922002242
76 862 267312504
1614 76 333900845
1823 867 134329934
162 868 486796181
166 871 839103902
366 166 882402140
991 872 565881837
1985 874 130231142
537 878 149400520
595 880 430065492
982 883 685017374
615 888 229323219
388 615 848678540
1156 388 188467144
579 892 429086375
1855 893 965697203
1524 894 77150038
1376 899 870093246
1032 901 541796890
525 903 252188459
1614 904 734456322
1691 907 110104497
237 909 442680279
1225 910 251432942
1886 914 786607647
957 915 805379214
1283 919 544019029
1047 920 598843207
1680 923 449049576
445 925 104781234
1387 445 972798891
976 927 38588103
1607 929 686402282
966 930 300005746
1739 931 704914326
1267 932 204982068
882 933 83737854
1220 882 846426676
1394 934 87012690
1730 936 622278792
1838 937 539385846
439 942 203177118
1925 943 832386209
1690 944 350382028
127 945 573141892
1579 947 410423168
236 948 475461065
1933 236 22331423
699 949 2367998
995 955 913139787
500 959 655477509
1542 960 366934246
1970 961 455148084
1763 963 36337570
1166 965 496013049
22 966 24217836
707 967 536542212
1997 707 548455574
1896 968 914584365
347 969 75316872
340 971 303057739
709 972 459037634
1668 709 675115205
1142 976 112032587
1196 977 657695137
1944 978 855445021
1677 979 9987017
1684 982 996310932
1517 985 142322817
879 992 24131606
1158 879 966843869
896 993 829396338
796 1000 35023791
964 796 982819084
1492 1001 196757722
1809 1002 101317697
1493 1003 148218535
515 1004 524095837
1125 515 924216012
775 1008 494915465
1489 775 533107956
1788 1015 433894271
1228 1017 25822324
1378 1018 362687278
1838 1019 775925863
197 1021 878138146
612 1023 659470937
1738 1024 205703824
179 1025 436881420
597 179 711621169
750 597 906047284
336 750 788627523
1341 1027 745236630
1839 1029 152629807
1558 1030 100825715
55 1031 787141808
510 55 493281718
1296 510 260041407
939 1033 6445935
428 1034 292921807
1590 428 944324633
668 1036 466328438
1882 1037 760425943
1737 1039 893513861
995 1040 899167136
62 1044 565448469
1957 62 502221919
765 1045 840928208
1041 1046 964251051
630 1053 516832125
518 630 446318884
472 518 488222038
660 472 952661335
1598 1055 590140714
1808 1056 160796349
333 1057 739065897
1830 1058 801617655
119 1059 65902225
1068 1062 961895587
1567 1066 542093066
1312 1067 110349428
1679 1068 776966961
877 1069 670360709
674 1073 920178390
1682 674 934863844
208 1075 615655026
1097 1076 889216678
12 1078 273958808
832 12 870824676
405 832 443231660
1793 1081 146765647
1105 1082 766618543
280 1084 72113648
1698 280 463337957
1013 1085 805876248
866 1088 783866465
1776 1090 391115802
1185 1095 726796302
1244 1097 275122848
1872 1098 875545893
1099 1102 952773578
1179 1099 573280931
1832 1103 441183284
344 1106 828390558
352 1107 557401253
1516 352 136570245
564 1114 465029671
664 1115 13976713
715 1116 416759194
1444 715 269666262
855 1118 357556266
1417 1119 604654969
1871 1120 686334411
1891 1121 21361925
16 1122 202536537
503 16 286018343
118 1123 542697819
603 118 647917761
822 603 44122010
228 822 844727107
831 228 794551172
110 1126 815349248
1462 110 865450210
819 1127 892940869
970 819 191377805
820 970 688689094
109 820 650612378
1790 1131 801258033
1794 1134 945809495
94 1135 597644198
940 94 568444102
1505 940 366175105
723 1141 408670118
537 1144 217004238
1496 1146 243924856
1215 1147 510945544
1841 1151 210290738
529 1154 68491309
526 529 683959099
1226 526 147076618
467 1156 547641493
1153 467 773538740
1438 1157 46394006
1400 1160 93877931
281 1162 89565773
505 281 985558244
1150 505 487759621
1545 1164 983186409
704 1165 302953003
1909 1169 68701235
1306 1170 296290584
1619 1171 38633975
317 1173 11744133
299 1174 473384546
686 1177 661661940
667 686 779689207
876 1178 536779618
737 1179 363648946
1155 737 877675342
1812 1184 812006912
1577 1188 665978076
1665 1189 55048399
1810 1190 59427299
1849 1191 54970265
425 1192 337048365
1686 1199 525552698
1608 1201 629391102
229 1204 573352771
261 1205 985939856
1935 1207 826437569
1411 1208 406405308
861 1209 970766059
705 1213 52145017
299 705 60980339
1646 299 904099035
838 1214 516634991
517 838 979683043
692 1215 869958374
1628 1219 171506230
98 1220 971535734
311 98 299978651
916 311 637389162
1863 916 844913733
357 1221 927593134
14 357 694843314
911 1222 502801498
1064 911 650266267
1730 1064 877226674
1537 1224 932700309
326 1229 363634710
329 326 786340575
1016 1230 819557229
941 1016 181923329
1704 1233 330017432
1622 1234 730723481
579 1235 109070474
68 579 733386450
47 68 851312959
292 1236 486553210
1907 1238 503859875
1741 1239 510410294
500 1241 92751858
1706 500 303336226
1345 1242 579575919
1560 1243 132227503
206 1246 72570357
1896 206 667233702
1007 1247 39957682
610 1007 67231194
1458 1252 648883948
682 1255 796685589
1480 1256 521389065
837 1257 499342021
329 837 971139841
558 329 487472567
364 558 340916903
951 364 350141633
1509 951 931516127
890 1258 717697040
753 1261 861598241
1369 1262 912405931
201 1266 819830470
1606 1268 961491534
431 1269 215830770
1834 431 162772065
452 1271 198970196
1597 452 809865893
900 1279 890103910
1883 900 851456959
1772 1282 862380010
226 1283 241299309
1389 226 195315650
1973 1287 577021656
83 1289 734255279
1571 83 273427086
1464 1290 110057518
1333 1295 322615502
926 1297 633513461
571 926 625690146
856 571 758809988
1729 856 255962994
1089 1300 808938162
1438 1089 310398628
1432 1301 233251882
1074 1303 552027348
746 1304 649631095
1292 1305 177768047
672 1292 232065664
1709 1306 807659142
981 1308 185985806
7 1310 159580334
1455 7 366732412
1933 1312 351196836
1741 1314 426219217
626 1315 603297680
405 626 292834404
1473 405 410951691
341 1319 456119400
790 1320 997455040
480 790 596606900
702 1323 711994844
476 702 881818518
239 1324 86967480
997 1325 151628451
1038 997 975082032
1158 1326 705149201
433 1158 149286938
1704 1327 742115714
54 1330 672876408
461 1331 376409234
664 1332 11147586
1677 664 717001677
1438 1335 601327620
1071 1336 894616392
305 1337 727745777
1667 305 417034882
877 1340 781939814
1596 1343 204333852
1013 1344 373419340
1043 1013 920309898
1198 1345 619346668
735 1198 567226483
889 1346 116141654
1333 1349 707907104
690 1350 999253809
240 1353 444826599
413 1355 955231722
670 1358 105147959
399 670 756858717
1096 1360 268934480
1390 1096 188847949
1456 1366 85840714
1611 1368 134909100
1832 1371 894029674
54 1372 692968956
799 1373 135458182
267 1375 956750671
773 267 385331640
1988 1377 469673416
787 1384 286243971
1194 1385 515448177
1042 1194 986657054
1060 1042 727471096
1817 1060 217146056
1414 1386 894632347
714 1388 59300347
1433 1389 563091646
319 1390 683169057
792 319 794715471
1860 1391 603472149
186 1393 960541608
650 1397 935336105
371 650 679633696
201 1400 730573965
403 201 256422701
542 403 607332429
1203 542 454353610
1394 1401 172420434
1047 1394 711335393
1286 1402 415443920
1842 1407 174205702
101 1410 398883085
286 101 599753075
1564 1412 32973183
279 1413 679963338
908 279 690777854
1113 1414 346834658
778 1418 855552367
1946 1421 449352882
1701 1425 250700191
1071 1427 293539629
488 1429 985355082
1739 488 275778192
134 1431 963268996
1182 134 459541095
1507 1435 785448112
1650 1436 635094798
735 1438 323881178
689 1439 933009515
1411 1440 54797380
1839 1411 611488268
389 1442 982503676
1281 389 71011306
149 1445 272038044
1093 149 838380799
429 1093 541678753
1163 1446 825331135
1810 1448 363331130
983 1449 927181546
1707 1451 581126108
653 1452 232929246
1796 653 129360355
63 1454 272060262
417 63 190531060
844 417 152111416
1140 1456 154135372
1077 1140 742448390
1620 1457 48992236
1779 1459 873611490
126 1460 107772047
229 126 202267275
1828 229 736500430
476 1461 726410586
196 476 945504223
890 196 303637984
1724 890 503268157
746 1462 525849807
773 746 687904765
52 1463 928830381
239 1465 484905712
1584 239 653933754
1251 1466 660121855
1444 1251 252172589
1009 1444 800786586
79 1009 592436838
1882 79 939279159
608 1467 592501358
1074 1468 124125505
1193 1074 82324148
1041 1469 18717477
1244 1041 177661723
1496 1244 787821136
1480 1470 154442395
1911 1471 443282923
350 1472 35573534
1038 1473 788875774
362 1474 954143053
1231 1476 735090727
1276 1231 416575794
349 1276 69950130
1370 1477 480434818
679 1370 275843002
1362 1478 11370622
286 1479 389544390
1206 286 22599522
1608 1206 843089645
551 1482 692370430
244 1483 496815996
572 244 381447405
1351 572 921902987
26 1351 293660609
1113 1484 465209199
844 1113 374613137
1744 844 430982705
29 1485 25693497
589 29 428370644
1293 1486 158807318
1497 1488 654810164
921 1494 125110847
1651 921 767375565
1736 1498 373090284
1688 1501 67285233
1110 1503 715268139
214 1110 434023634
1938 214 835377427
1775 1504 748115022
995 1506 811642576
1408 995 169474997
376 1408 419640112
1785 376 823631962
1054 1507 562124820
1286 1509 492820287
1296 1286 846572282
1100 1296 65876822
36 1100 994112827
675 1510 992517300
1564 1511 895831196
1054 1512 367594023
1161 1054 9798600
1087 1515 33427178
946 1087 29994800
502 946 491014464
1299 1516 723862895
996 1299 205524009
551 996 31669887
1846 1517 157814709
162 1520 598966973
1245 162 967835211
14 1522 874859709
1534 1523 492408592
666 1524 540322229
168 1525 440933346
891 1527 323393876
1942 891 484767007
409 1529 674998438
1538 409 314482969
1743 1531 493039761
341 1533 406245096
1878 341 409584014
636 1535 780850638
1378 636 865161434
726 1378 344248817
446 726 779595195
493 446 896087291
1225 493 911570651
127 1536 306286204
765 127 234741023
787 765 978126878
1904 787 312943005
1352 1537 315814158
199 1540 999335892
1260 199 423078428
131 1260 872122089
502 131 991733812
652 502 849707904
176 652 306039621
1770 1541 820458342
1492 1544 50068554
1775 1492 748214083
1995 1545 919654591
1172 1547 753515604
1896 1549 546411967
1611 1550 569780003
1676 1551 130442969
235 1553 998511859
986 235 703788095
514 986 395452519
512 1554 358132760
585 1555 489045659
905 585 232092805
512 1556 465452282
1342 1557 365785679
1334 1560 705684626
1738 1562 777405074
1153 1566 575359715
32 1568 994329692
1534 32 727935848
802 1534 338330895
1526 1569 605771500
802 1526 710336983
1538 802 913204958
1730 1538 419552849
73 1573 819870313
294 73 544751846
1708 294 44040798
1259 1574 348820254
1424 1259 249363994
1505 1576 763609581
363 1505 753695691
1328 1577 618913267
145 1328 468968501
1063 1579 28280514
317 1063 451965755
1132 1581 522848526
449 1132 765743227
1876 449 943935575
1978 1582 40109225
186 1583 436850161
1124 186 603366041
727 1584 43945622
1006 1585 745448961
1077 1006 426238068
283 1077 845218850
1781 283 380601692
1458 1592 221062232
89 1594 892071275
975 89 32626702
1227 1595 898844966
1048 1597 866550614
333 1048 786550209
1403 1599 277911798
873 1601 787326978
497 1602 379352834
1475 497 80978711
517 1475 709162200
1187 517 941588392
998 1187 715813723
503 998 26720280
1153 1603 469726607
1086 1153 480809817
1830 1086 3273101
296 1604 390285136
1976 296 580845349
1508 1606 157429996
885 1607 818365415
718 885 927036702
1798 1609 400326072
1768 1612 480757830
574 1613 539216814
115 574 832317003
1028 1615 128574405
1138 1028 639676219
1746 1138 921169475
1734 1616 312620952
1272 1617 55541248
1265 1272 392780471
786 1618 3331575
1070 1620 73348860
142 1621 677940534
1264 142 541500257
1745 1622 827539136
990 1623 472982822
1508 990 72508386
412 1624 877729984
432 412 565912382
1217 1626 461837508
67 1628 190975164
1186 1630 799456382
680 1186 694258715
1854 1631 39499005
1571 1632 984454385
1754 1571 360212059
249 1633 707638280
1420 1635 956493206
612 1636 176139354
1733 612 414797038
122 1637 626020966
1681 1638 792267765
273 1639 13606242
1580 1642 159204424
1634 1580 824091146
672 1644 11105330
339 1645 601648403
456 339 919241151
1944 1648 595674814
1591 1650 286113111
991 1652 191306060
115 991 226086605
1991 115 247526867
184 1653 539066434
371 184 855185805
665 371 554337233
289 665 48650380
546 289 833351374
896 546 13193198
1898 896 479824689
1166 1655 326645659
1721 1166 176172262
54 1656 926267824
809 54 767724312
301 1657 195536312
1900 301 367244018
680 1659 340740713
1285 1660 632914581
1961 1285 420922536
666 1661 284849012
1564 1664 322925560
850 1665 366555196
1043 850 964373719
18 1043 52606991
300 1666 607445400
1729 300 319113050
1876 1667 361772450
1125 1670 636895050
1434 1671 994405847
1318 1434 859516949
1163 1672 999104802
980 1673 806061672
793 980 822552569
176 793 323374484
1861 176 621145222
1884 1674 935554561
1686 1675 807164035
1185 1676 690301347
1668 1677 980115189
152 1668 801156486
508 152 148718417
1210 1678 887495455
616 1679 161582689
1128 1680 596643565
1216 1681 5347
1931 1682 749884507
157 1685 174899767
761 157 150749995
1768 1687 612110688
619 1690 519677957
1079 1691 997630865
91 1693 87162202
641 91 960011768
611 1694 473862523
1183 1695 31712315
1521 1183 69674748
1225 1521 496045201
608 1697 957672515
1348 608 127417968
1175 1348 971145415
1424 1175 204325653
604 1424 146236271
507 604 270178260
482 1698 285691705
418 1699 585815567
637 418 299587506
1816 637 765515539
704 1700 590016043
1218 704 53607972
27 1701 628029359
801 1702 982655705
520 801 486053005
941 520 699496374
1278 1704 34614756
1979 1705 806754148
1020 1706 875122263
84 1020 231681589
908 84 928328043
1176 1710 370249976
1817 1711 528930472
46 1712 930748764
1979 1713 869252914
763 1715 984281806
711 1716 682147426
987 1717 815291633
639 1718 898288312
242 639 144943723
1404 1719 633125190
1433 1720 156391373
52 1721 320799296
924 1723 998608123
8 924 225380728
332 8 657217215
1022 1725 822648481
1172 1022 685327805
1499 1172 10159406
1489 1499 112724313
508 1727 121436325
71 508 352005011
1981 71 644543331
1902 1728 994969826
582 1729 232505409
1733 582 820462120
1548 1731 435136647
1354 1548 96707007
587 1733 903461507
1915 587 698150445
1922 1734 599858409
1546 1736 640201983
353 1546 173521019
1662 1737 169647476
34 1662 812148010
760 1739 397969502
958 760 687095004
614 958 511853921
102 1740 151204907
1922 102 102367209
1249 1741 632970925
400 1742 346223345
1155 400 793880020
1163 1743 404598520
413 1163 627377213
1899 1744 374655849
607 1746 235170680
1669 1747 863085107
1280 1669 773582280
1749 1280 381506961
1964 1750 235551960
989 1755 49923823
928 989 177464921
1496 928 999137014
109 1756 544187657
439 109 817188965
767 1758 929088231
1133 1760 524102217
1423 1761 403611124
222 1423 222886971
1586 222 856567449
227 1586 153853156
1050 227 601469566
897 1764 662500819
1316 1765 430717205
145 1316 706481766
1464 145 212280280
1274 1464 114530379
593 1768 554172021
1032 1770 350798697
683 1032 147288190
657 1771 134270538
1763 1772 332889319
1971 1763 683093336
999 1773 136468413
814 999 822358711
1380 814 879036370
594 1774 595969718
983 594 937829736
1563 983 362125387
1834 1563 537156990
614 1776 54118420
1769 1781 926084960
1376 1769 166039024
1891 1376 669467600
1404 1783 95295492
552 1404 430762061
1974 552 117207636
680 1785 167790409
383 1786 287935980
22 1787 918060078
610 1789 286424498
1367 1790 194938736
1625 1791 125625164
1223 1625 209087267
148 1223 946995068
181 148 977843770
234 1792 853119864
177 234 312810336
97 177 317153749
21 97 82423199
344 1793 706503637
581 344 245041019
1329 1794 988674400
596 1329 641493765
1341 596 630926977
1026 1341 583491018
987 1796 769359447
595 1797 544795884
711 595 595576336
1732 711 976476714
1437 1732 577451638
830 1437 187081845
223 830 221895586
1643 223 980662599
335 1643 617466927
333 335 300618322
1578 333 47137359
463 1578 12113148
1809 1798 625159961
975 1799 54309836
755 975 229280890
1322 755 191085108
680 1322 807853623
742 1803 342829722
164 742 901683409
994 164 332357444
1532 1804 101190387
748 1805 90976352
973 748 946488153
1530 1806 764062721
864 1530 698941101
264 864 979358128
1496 264 821917405
383 1808 822871795
130 383 373391927
1800 130 923380772
34 1800 112911173
399 34 782479172
1833 399 882654214
1598 1809 306399825
270 1811 957786977
1605 270 904958043
1125 1605 914071502
1130 1125 745184861
249 1130 818132888
5 249 517800813
659 1812 383182198
749 659 844622302
922 749 438191910
861 922 612775686
1212 861 96362127
1641 1814 531594263
725 1641 935931649
1347 725 367327070
540 1347 892843614
1277 540 95723914
1182 1815 626926889
763 1182 241480921
785 1816 60131335
1502 785 809897975
1352 1502 142583664
1782 1824 864405642
1766 1782 780286934
1850 1766 634220075
782 1826 43625617
1278 782 957028350
1802 1278 419152658
1161 1802 686578768
898 1827 651933763
957 898 752671445
1420 1828 440753899
753 1420 833934270
1532 1829 942296157
1270 1830 33100819
1309 1270 107039498
1900 1309 216429865
53 1831 714031090
192 1832 348764249
27 192 758540649
469 1833 898007564
1149 1835 671698823
1109 1149 560976781
1518 1109 935970926
537 1518 263978661
1264 537 292863129
105 1264 239250180
1762 105 216161146
496 1762 599676463
938 496 372334865
99 938 515311197
666 99 495496830
1819 666 186049913
672 1819 914507976
22 672 666115730
607 22 994371298
1321 1836 768788174
1273 1321 510466731
291 1273 154807956
1949 291 927063062
1365 1837 509053152
379 1365 116586911
870 379 984383073
1083 1838 906952136
1313 1083 512580562
1575 1839 633648110
614 1840 476041020
1589 614 267853588
1193 1589 872126069
697 1193 117513456
1284 1841 20523231
1416 1284 574071615
865 1843 92383700
889 865 840459020
1865 889 454532756
973 1844 530485750
1651 973 301371282
1079 1651 158093920
554 1845 926980971
826 554 149862687
1294 826 571119390
828 1846 747357240
349 828 943815258
1313 349 251849756
1596 1849 649664849
1228 1596 927926224
290 1854 274486253
366 290 323394432
692 366 584478491
1496 1855 506358582
1801 1496 941647457
1730 1801 161422781
1707 1856 714626424
1185 1858 826437386
1379 1185 799886039
690 1379 63636856
794 1859 752914862
498 1860 2820108
251 498 405081836
550 251 924833781
1684 550 538842311
1011 1684 19663245
687 1011 134751863
1847 687 293311331
797 1847 539773268
869 797 148553910
1974 869 245496487
1159 1861 390372136
1707 1862 729362280
1513 1707 64720310
1749 1513 999823421
67 1749 403947881
1820 67 345272334
27 1820 240347611
1857 27 721053748
19 1857 298798746
1823 19 449469565
410 1823 598930609
93 410 60700460
86 1863 224091080
334 86 188227217
981 334 359768147
792 981 330053378
1104 792 911743545
1240 1104 715070639
429 1240 469653504
1500 1865 726151498
1072 1866 248572469
458 1072 617228743
1686 458 23503869
988 1868 826669547
122 988 832581963
372 1869 987688081
480 372 929276112
957 480 840921475
1940 957 343391672
1714 1872 220507587
1339 1873 816109746
688 1874 275327651
953 688 426898835
908 953 821515685
1935 1875 51121217
1891 1877 893303506
759 1878 156678446
450 1879 483945074
788 450 128895299
1778 1880 912017343
1977 1778 508810938
1818 1881 185497349
840 1818 170551154
1248 840 547201552
1629 1248 387508706
632 1629 386395833
2000 1883 52548606
699 1884 70499324
1367 699 969076100
332 1885 971393203
1918 1886 951646937
1441 1887 427581350
954 1888 41765463
576 954 126086471
1267 576 745967114
532 1267 951259445
1197 1889 249302395
1155 1891 717485832
657 1155 338738948
1870 657 774395548
1367 1892 462606604
1920 1367 667996413
151 1893 879823915
855 151 694550844
1112 1895 729030440
1101 1112 143482731
1608 1896 151720612
648 1608 367945025
1570 648 528353605
1128 1570 922642615
962 1897 796801823
237 962 943307313
211 237 390577665
1291 211 43174568
607 1291 480676549
667 607 874126810
994 667 479581043
1753 994 618249455
514 1753 606782654
1203 1898 36577465
1274 1203 460618605
312 1274 88660929
535 1900 106438079
2000 1901 581229967
444 1902 948146424
482 444 866172444
1692 1905 980438881
1683 1692 840183222
1724 1683 500495226
1014 1906 975598753
425 1014 987837032
1882 1907 293370372
303 1882 232257209
463 303 121344449
1593 463 284441821
408 1593 547950701
1780 1908 699679601
240 1780 723052165
104 1909 80477031
809 1910 673317441
1890 1912 403563277
10 1913 310179401
351 10 717996293
1870 351 352344094
706 1870 675144696
553 706 4293713
138 1914 370640165
1495 138 35198796
551 1495 586069025
1951 551 900527460
355 1915 807367476
756 355 387164057
119 756 561802419
1161 119 885580145
1441 1161 812566422
1417 1916 850672987
918 1417 553457859
1419 1917 950880654
1228 1419 868471394
1919 1228 511031453
908 1918 528769882
1430 1920 291030401
548 1430 317070147
1919 548 305816213
252 1919 370922746
1975 252 945433633
52 1921 204339379
342 52 549188162
1094 342 447522251
1759 1094 424239213
1663 1759 571862523
1851 1663 125452383
689 1851 863418598
440 689 327902844
1369 440 264603598
1565 1922 818692773
168 1565 555710324
908 168 910132835
788 908 374576126
347 788 481217908
1294 347 70125468
1779 1294 985825295
310 1779 935359980
1528 310 479140924
324 1923 301873173
477 324 684247876
831 477 806528643
1196 1924 14004824
789 1196 131180584
633 789 686986549
202 633 610387220
1111 202 71303366
1894 1925 651328668
735 1927 955374619
1730 1928 707444870
762 1730 959149590
140 1929 679653930
863 140 321465770
1128 1930 567458156
1867 1128 976216260
845 1867 16010494
767 845 303825139
974 767 189456961
354 1931 514042993
53 354 319652309
1971 53 612561279
1709 1932 595105517
525 1709 704727130
884 525 495758380
75 884 181163785
1302 75 802726544
1313 1302 856805337
1689 1313 854312436
1948 1689 527722272
1646 1933 211292320
238 1646 593632973
395 238 482401887
1433 395 448129472
1552 1433 294734978
336 1934 252046415
1795 336 102028863
693 1795 223439898
1216 693 117539554
1767 1216 743295333
606 1767 366068038
547 1935 658301191
317 547 631516172
1432 317 236305157
370 1432 583452899
58 370 488495276
1703 1936 587647037
1491 1703 53055122
1168 1491 810722080
649 1937 659259116
1416 649 758884367
36 1416 862444911
1848 36 684895451
621 1848 746611014
353 1938 385654468
306 353 938820605
1825 306 20844358
769 1825 633597842
1455 769 687737436
1005 1455 530977058
735 1005 715365889
678 1939 771023611
404 678 664893332
1426 404 206815226
6 1426 779878844
807 6 685039257
340 807 616253585
829 340 279976640
461 829 885135913
1708 461 44777211
1212 1708 9890989
92 1212 847863545
1493 92 356854742
956 1493 332294370
1362 956 321221706
763 1362 695774786
735 1940 128061458
1237 735 304515372
1333 1237 202993809
682 1333 900578487
332 682 391140329
14 1942 978865356
1543 14 70224435
312 1543 315507752
1813 312 36080840
1398 1813 85137857
242 1398 861637709
1245 242 911530336
1356 1943 7180644
1415 1356 170947859
619 1415 565268550
1752 619 208831188
877 1944 247100465
641 877 669786383
786 641 679497515
1382 786 19379874
1361 1945 951070668
350 1361 21989514
1752 350 577570274
1381 1752 656692367
754 1381 674606855
745 754 121305806
680 745 425216103
549 680 147618978
1232 549 917258336
451 1946 490399593
1145 451 894135214
1978 1145 777901184
1993 1947 933679839
759 1948 557785352
441 759 698992701
369 441 338562562
331 369 584922174
863 331 792302049
93 863 478872214
70 93 132992422
1406 1949 332893907
1150 1950 899948602
1784 1150 459304395
1245 1784 493348573
507 1245 511949133
117 507 580284942
1610 1952 98803344
1514 1610 701500428
677 1514 169263519
503 677 117288580
1311 1953 410427915
679 1954 215543988
1105 679 301985294
503 1105 155234645
1226 503 720266068
1871 1226 742458706
1600 1871 10177990
163 1600 416323328
1441 163 17552317
308 1955 734429464
309 308 712564133
1876 309 12766883
1822 1956 106712618
1211 1957 598268978
1528 1211 397192667
712 1528 61100595
1591 712 805207268
799 1591 746780024
1382 1958 565600341
718 1959 51078354
739 718 851787634
1071 739 385201467
1899 1071 288545950
1542 1899 728901458
104 1542 164773644
205 104 86188957
1091 205 708463733
870 1091 68097839
761 1960 107050089
1842 761 749872954
1338 1842 174902080
1564 1338 241130766
532 1564 750764301
5 1961 959569533
374 5 63144989
197 374 980412535
1904 197 713426106
1480 1904 448821510
1396 1480 915308007
668 1396 888013669
855 668 488370144
1357 855 932814954
1973 1357 808858600
1487 1963 759208933
1558 1487 79497292
1911 1558 168610097
1117 1911 538121223
261 1117 498848640
1810 261 569470611
681 1810 930336598
254 681 405840936
397 254 849557550
912 397 762047351
1369 912 338175740
373 1369 458395209
439 1966 671778663
534 439 391068238
1552 1967 278350823
1748 1552 788471096
1281 1748 508888623
1167 1281 25141447
1647 1167 438428857
1317 1968 711571991
1277 1317 604064743
414 1277 670734010
1634 414 368889704
122 1634 839645287
870 122 316065875
1079 870 873003347
1757 1079 800513458
1181 1757 657551883
1210 1181 906506868
1817 1210 678288084
47 1817 548104102
1265 47 736590855
1500 1265 803979846
473 1500 371382539
1964 473 636184689
70 1964 748031954
1197 1972 476317850
611 1197 898297606
646 611 189657376
46 1973 255439734
1061 46 35337816
794 1061 446482601
183 794 927645078
64 183 603685414
610 1974 987671063
1399 1975 161770178
1447 1399 604384602
1962 1447 493055884
1405 1962 598717410
697 1405 583512085
393 697 730037979
643 1976 68861704
616 643 239111965
1489 616 589522954
240 1489 945004671
530 240 927067340
11 530 929144597
1443 11 955142238
621 1977 170356483
181 621 526434462
1254 181 940813042
1311 1254 92703194
1490 1311 591282595
1168 1490 432095646
1422 1168 726566278
1359 1978 317033112
723 1979 641534365
1453 1980 168612532
1049 1453 261512410
1249 1981 97631313
1080 1249 87154850
1575 1080 906368305
1428 1575 11542955
895 1428 452913406
1441 895 784518620
1654 1441 446749933
684 1654 459633538
1142 684 482517227
935 1142 410293184
606 935 952502870
160 606 834709510
4 160 694324003
984 4 990122947
987 984 199357070
939 1982 301785518
581 939 94297323
568 581 641641480
952 1983 798388576
1293 952 862114784
593 1293 818296295
859 593 357712626
1180 859 957453137
1572 1180 741417425
1508 1572 483675523
831 1508 241297061
683 1984 794062700
1159 683 474475301
1611 1159 881701440
1724 1611 237471314
771 1724 867631582
346 771 817124516
772 346 303673179
1334 772 898536033
1965 1334 171865566
1735 1965 466279055
1450 1735 811309669
273 1450 468925993
137 273 112571497
1374 137 411203420
753 1374 140343146
413 753 530241991
824 413 396008943
1202 824 169061540
1339 1202 880996950
1359 1339 684333572
386 1359 983805319
556 386 443577734
230 556 77436395
1152 230 600036690
902 1152 141007071
1788 902 936517673
58 1788 295224919
1876 58 577995674
482 1985 992832635
730 482 611834608
841 730 930953823
1688 841 910762098
1834 1688 542381181
203 1834 11488908
1382 203 324657581
917 1382 386833210
21 917 489447067
1406 21 386138770
167 1406 682533120
568 167 95509101
1288 568 566266076
1754 1288 607321721
459 1754 4061589
1253 459 675343077
263 1253 495524182
88 263 694068079
747 1987 178772884
107 1989 422621039
432 107 742585198
941 432 141477605
690 941 816664033
779 690 519845760
1894 1990 488275846
810 1894 275059145
887 810 432827290
776 887 506976795
1195 776 508810217
1070 1195 363320328
509 1070 190276190
1383 509 22044644
575 1383 977323198
1696 575 771470416
1065 1696 654911579
1225 1065 56807842
1951 1225 331308276
429 1951 22016966
532 429 904669155
1354 532 81786809
1590 1354 52205482
501 1590 30903237
723 501 23232474
1649 723 220020448
876 1649 407294094
905 876 166751523
531 905 941668655
204 1991 139629178
1403 204 421971889
1129 1403 520632067
1050 1129 308760726
1714 1050 113967654
1047 1714 181973357
420 1047 270487
1101 420 674921214
627 1101 81669544
512 627 845003182
1903 512 820112413
425 1903 31426264
1614 425 592020127
1010 1614 740510893
1481 1010 458654437
1941 1481 274433113
260 1992 388032162
1136 260 173652090
1722 1136 423363158
913 1722 376534262
393 913 210133433
1539 393 617973455
408 1539 985804546
1822 408 856079625
1627 1822 979096676
1970 1627 312063857
469 1970 180490628
390 469 574833515
1364 390 812697509
433 1364 211232886
918 433 305752198
1775 918 228148268
1619 1775 102250791
18 1619 348463738
886 18 527783664
195 886 247049411
1137 195 256239487
1519 1137 516776390
1777 1519 815801323
1363 1777 360671494
831 1363 393660408
1640 831 906477314
1598 1640 973584042
1864 1598 99876871
456 1864 721142433
1409 456 623613030
534 1409 688203888
1443 534 934976195
763 1443 857221023
714 1993 859525743
1658 714 457412575
411 1658 205612939
1726 411 231299473
1217 1726 728339947
1092 1217 783130979
1218 1092 436995590
117 1218 272835134
987 117 892758477
514 1994 238374912
402 514 39882724
1561 402 438157296
95 1561 12293076
1052 95 973168367
1232 1052 425584588
740 1995 858444045
1422 740 979240750
392 1422 464764216
1232 392 387037737
1941 1232 302383097
1395 1941 526118816
1926 1395 419512045
1588 1996 46592504
727 1588 218037200
1458 727 511084063
564 1458 124307595
128 564 498605852
1143 128 975200840
762 1143 409063138
632 762 811063540
1986 632 412335567
602 1986 919012822
363 602 482629719
200 363 864476671
777 200 732432200
535 777 98119980
64 535 288115409
873 64 684079858
85 873 130498577
337 85 252277163
553 337 966119000
675 553 370885829
853 675 759693147
1200 853 800371770
809 1200 902107730
897 809 792557765
866 897 27833041
1559 866 268995511
485 1559 104432391
277 485 11210636
1686 277 397078260
323 1686 648439644
1850 323 995298699
1139 1850 369405489
881 1139 496913865
974 881 29949769
1049 974 287515324
799 1049 208533994
875 799 898130773
1853 875 106152092
43 1853 993316223
1352 43 313226424
1148 1352 46735610
1567 1148 637822134
1133 1567 700988195
1263 1997 577696976
1647 1263 449854316
1745 1647 528792923
1971 1745 935776992
1026 1971 286266573
646 1026 659821219
1250 646 751926646
1392 1250 361279814
763 1392 198718793
559 763 201689324
1387 559 968636540
1751 1387 570202206
834 1751 530091609
1876 834 923612241
70 1876 206188864
950 70 671903592
1988 950 886123498
1124 1988 43024211
106 1124 501390355
373 106 510635074
610 373 582070466
57 610 960193246
1318 57 153419124
362 1318 707080324
1012 362 69174962
531 1012 540292982
486 531 559501923
987 486 401383237
577 987 883723564
624 1998 380091985
1852 624 589794678
1587 1852 714316076
1969 1587 411924455
155 1969 608069225
701 155 417094073
1275 701 157448227
1227 1275 925633461
779 1227 473793843
906 779 253006432
2000 906 173380402
1108 1999 757042181
747 1108 809912560
773 747 110658499
1890 773 884337804
248 1890 673432527
964 248 461819264
332 964 192286151
1176 332 886546510
1133 1176 575279045
1926 1133 472006186
1035 1926 69976765
1051 1035 831234598
778 1051 664280347
858 778 569108424
1807 858 412895571
1532 1807 651139331
692 1532 199871373
1380 692 606468676
328 1380 167187711
208 328 36827249
847 208 425931488
660 847 961011964
292 660 789760073
1821 292 525504140
1111 1821 845546449
1342 1111 743393722
1038 1342 122228356
26 1038 313791105
1738 26 85589194
88 1738 399258535
589 88 179187372
1497 589 53680971
188 1497 210586620
1307 188 588349840
609 1307 640629249
1298 609 558923953
577 1298 168084498
577 2000 493475768
1577 1 635936202
1407 6 971247931
1790 8 118680712
1041 9 452918132
495 11 463579312
1908 13 676903630
689 16 109082945
1666 17 805114723
426 20 916238794
1699 23 569070223
649 28 526293604
1522 30 208600754
1033 32 173314320
1662 35 360163723
805 36 347554673
1402 38 115600041
1683 40 518969564
1258 41 255010087
741 44 666156453
678 46 94787363
890 47 12680543
931 48 338403337
988 54 505583193
790 55 134485747
1862 59 642739717
844 61 768520754
1258 62 962251545
1423 65 711029501
524 73 813496986
613 74 705636935
1994 75 752871310
1445 81 189777445
631 83 532436683
1999 88 450198408
858 91 969953892
1935 93 227117566
1157 96 986657801
476 102 841768584
1693 103 563937845
43 104 308594097
705 43 546069437
1180 108 297978203
489 115 76457460
533 116 623429271
1296 117 149302476
1856 121 519462007
1724 128 944939751
897 129 756895902
708 132 182270594
1196 133 63658259
1366 135 297056284
1643 137 728339416
1123 138 416568479
724 139 636221352
598 140 989769800
1715 141 745859586
1365 142 755125463
1327 143 216571694
1800 147 670219396
1744 150 73852860
535 151 63226246
755 157 622036479
1599 159 622584086
1850 165 776267971
1286 168 774144391
448 169 235329276
1327 170 446426858
444 174 396673412
1613 176 611312481
29 177 980412114
1283 179 75140109
759 184 446743843
1727 185 926657263
662 190 68004062
1226 191 490022270
111 193 795298351
1564 197 963391798
1100 198 168512663
1732 199 206247389
583 205 323331880
1483 207 271028989
1856 211 962824424
416 212 748712786
489 214 210780268
1735 220 918766348
1405 221 563040593
510 225 409201163
1765 228 66333768
443 233 103321212
1631 234 196177936
1116 239 942943761
1685 240 798527995
599 243 984715974
330 246 931449781
483 249 756655209
455 253 418830868
1521 254 12476763
1553 255 236573213
1176 256 643240724
209 260 598284894
1539 209 527470642
1023 263 788315014
606 266 24143390
362 267 168915559
100 271 395668675
306 100 858641496
149 272 695568100
714 275 246203391
705 278 123512241
1761 279 594761646
1245 286 38059148
733 287 918912792
258 292 477290804
1247 297 497227779
908 300 914751707
818 301 752568665
322 305 411224985
1050 306 857393970
1860 308 247368100
1821 310 577797618
188 318 401799820
1597 188 415264844
1892 319 563041219
1691 320 645492765
1686 326 654547798
1225 329 646567417
1354 330 952305451
268 331 27219417
1049 268 374787584
1681 332 857808255
315 334 288477205
1208 337 419174721
557 340 368018454
1699 341 402190636
493 342 918658927
1734 346 65102443
769 353 442734802
155 355 717850865
1240 155 4319997
1294 356 330549284
1160 360 975678740
123 363 3675384
638 364 541686386
1101 365 452278692
1730 367 791567266
900 369 427979864
322 370 815271836
1527 371 855316354
1982 372 710179237
1213 379 240382131
1601 380 880506650
2000 381 301694103
796 382 758652580
1012 391 909729117
1567 394 433873727
94 395 323077318
1207 397 901681156
1945 399 561259823
324 404 516129698
542 405 809036443
952 406 727720036
1200 408 347824480
433 409 836436896
425 412 574158084
39 418 374822302
1514 39 362999738
1927 419 943480681
1674 421 474708077
238 422 956564351
1833 238 4353318
585 424 613717071
1475 427 149139436
667 428 918031202
1324 430 961156556
1095 431 907401751
1210 436 990052512
1255 441 699078570
1171 443 893676127
1737 445 755526646
1326 448 714706936
527 449 133675751
1537 450 652909784
1633 453 350658398
1092 455 477593308
1595 458 420594728
900 461 823223736
328 469 491098757
1808 470 888950976
1822 472 136806504
945 474 329526946
1883 475 495713084
324 476 762481030
1292 478 430000333
1611 479 754557461
959 483 3544848
1628 485 684726599
970 489 293825941
904 495 183623570
444 497 917957935
1371 499 350169594
95 501 460715100
899 502 298248719
563 503 347475501
1253 505 253489555
823 510 616602158
1587 511 64685097
1787 513 137750563
247 514 613849209
1547 247 532197900
1161 521 9520888
820 523 524708777
101 524 659449429
1211 101 483971121
732 525 421243448
14 531 196908204
1803 533 407260376
1123 537 300746045
1700 538 389512822
66 539 322793961
1526 66 585341436
506 540 328047469
1617 506 777770034
1222 542 698407138
1703 543 239034683
259 545 384079908
1003 546 244485614
386 547 571900658
120 548 664327961
463 553 968502470
931 555 617510718
983 556 74003010
776 557 200756582
865 560 898137837
827 566 227378097
983 570 827400075
1152 572 432029513
1808 576 908154489
765 578 505185664
1473 580 770142624
861 583 748816779
1780 585 277458324
383 587 221517541
375 590 461013447
1339 593 32257432
1478 596 483667519
1940 598 72141251
926 600 450168242
1425 601 530980418
63 603 352196188
309 63 350164437
1180 605 99927010
803 606 915579305
1541 607 608487289
742 613 811296557
1333 615 615666123
1664 616 851137142
964 617 394823150
1959 619 950763369
1104 627 592235569
153 629 899788987
1930 153 645965428
522 630 158538960
1612 633 753096197
1762 634 353232505
807 636 704050216
748 638 926798796
333 639 762676660
832 641 192703400
293 642 374276232
1019 644 690806578
703 647 597291693
786 652 539068313
1854 653 15420060
1859 655 382850775
1906 657 650126700
1281 658 55694762
740 659 750568738
1596 660 79605374
1934 667 532187067
158 669 412315972
173 672 585405134
648 173 189328742
774 673 390502573
1558 675 704304803
746 680 212855907
890 684 455033266
1562 685 135164985
1606 687 708268597
1641 689 469920364
1201 690 445876109
1380 691 990405580
746 693 607882454
1031 697 296784758
817 698 46358922
68 701 28055623
1459 702 401402463
178 703 279338630
273 704 894138100
222 705 712116658
1337 222 979866183
1075 706 59414262
462 709 969579797
927 711 567384774
1915 712 716615726
923 716 766901865
118 717 841714923
210 718 517423148
1185 723 416615916
1090 724 231706545
1846 727 125066861
281 731 723451703
966 732 122272337
1082 735 999290619
1527 738 670955306
227 739 907431344
656 741 795887641
733 744 416283000
1084 733 660356262
713 746 14490034
571 750 910372421
1135 571 493842758
481 751 702087109
715 754 621650660
1941 755 62188372
1642 756 603173417
1083 757 583153793
806 761 806374117
456 766 816891379
390 456 400588911
1194 771 94719827
1923 776 39844214
1793 783 57479577
231 785 826441183
1625 787 622956024
1925 788 173774088
387 789 951912533
686 387 56651131
1960 790 923941927
1677 791 457103466
1510 792 617984962
1697 794 770445584
1067 796 517561772
1957 797 296443423
4 800 636477604
1423 4 321630833
1662 807 663165033
1661 808 486496071
1837 810 586635190
1966 811 433555699
1000 812 304642491
1762 813 108949488
1320 817 346333072
1511 819 819783064
1275 820 58092052
720 822 741496186
1142 823 689282583
1856 824 176442829
620 826 664425452
1524 830 30984278
518 831 428347077
880 832 527950309
1296 835 609609285
626 840 740829301
1218 626 108101264
1160 842 345372953
378 847 102771344
1665 378 452691152
316 849 908767422
1472 852 515189867
742 854 320527043
1443 742 884756456
500 863 96091152
384 500 498432328
536 871 69337638
498 536 260260802
674 873 668318476
1392 876 669841402
1939 877 684569280
575 883 544067521
1856 575 149553634
1954 886 649853410
1542 890 203924559
1722 893 347701563
498 895 265680938
875 498 683167259
1480 896 612965351
171 901 996942479
106 171 781178375
1003 903 848812885
1750 905 206970355
1814 907 84877805
773 910 70857924
1696 773 638465374
1904 917 484669585
1646 918 760745441
1529 919 553429244
760 920 511430743
148 921 6174789
1992 924 737509249
997 925 110796187
1705 927 77538950
620 930 51903798
1460 931 197146974
968 932 187848589
567 933 204025856
447 935 385684631
1301 447 973297993
1369 938 469679804
1615 941 854587720
1467 943 886996504
915 945 834166248
574 915 727646162
581 574 952670086
1245 947 234301647
1398 950 945632721
848 955 189387906
1561 848 940726189
1101 958 545252578
663 959 434343203
1860 663 26593077
940 960 202161645
565 940 94852716
106 565 935432318
493 963 718635389
1536 493 852835020
24 964 325009733
1469 24 879329204
668 965 495456375
1006 668 319360070
444 968 740951451
166 444 55805725
926 166 161450750
552 969 396363324
21 970 509222203
1449 972 612246113
1997 973 273334185
282 975 645378119
1400 979 443399836
1991 982 344524078
296 983 614550415
1594 296 732778352
386 984 699665079
392 386 561630744
1176 985 503882976
573 987 936805844
1659 573 791279589
1957 988 810143689
1146 989 746281642
482 990 862178458
1640 482 403309842
772 991 179025449
1144 772 477345219
304 995 274183205
1807 304 517472345
1299 997 738435500
1651 999 877616243
1113 1000 569743867
1259 1003 308697857
1388 1005 204019868
558 1007 687703786
373 1010 837479352
403 373 374746746
1078 1012 610963240
902 1014 314705361
1775 1015 623883616
670 1021 232063007
384 670 915525428
760 384 230019225
851 1022 841727311
471 851 376247082
312 471 488963046
696 312 798888416
1059 696 356225874
1994 1027 584212799
244 1028 859202297
194 244 776256717
631 1029 252698153
552 631 312279505
158 552 546054818
1263 158 2547267
1577 1030 971744662
302 1031 766428853
765 1033 836814220
1865 765 119051680
1988 1035 574634886
1607 1040 512469024
1409 1041 161897843
433 1043 602639892
434 433 147777941
265 1044 448459748
1116 265 305018297
1778 1046 822129207
981 1048 939739216
944 1050 352386268
1268 944 855002918
1447 1052 724554335
880 1054 8928076
122 880 462242806
1972 1057 926725887
1859 1062 904004463
230 1068 94404132
64 230 643207146
1561 64 720575696
793 1070 708436836
1564 793 19049641
1385 1071 186614351
885 1072 175641030
1791 885 951720067
795 1073 728546181
457 795 404234881
208 1075 84308118
72 208 365486574
1452 72 926934476
881 1080 922513697
1117 1083 33468761
650 1084 563574746
1871 650 292570733
1254 1085 171570191
961 1086 1205686
1037 961 344124658
484 1037 866974629
908 1091 489386986
259 1095 750331667
86 259 700690831
1749 1100 390067593
1472 1101 285796975
674 1103 722854350
413 674 579069030
352 413 887467139
1908 352 979179701
1026 1105 637488922
206 1026 622324243
1558 206 176346592
362 1108 806817501
801 362 974479221
1692 1109 93010132
648 1112 707457461
1268 1117 84858127
415 1118 547480913
881 415 459244214
713 881 108808748
434 713 264536535
1860 1124 148128647
1229 1126 527679023
1136 1129 964632116
1435 1130 485940918
715 1131 206170651
951 715 261538210
1972 951 842038181
1477 1133 621726890
595 1135 72582990
1570 1136 646503206
589 1139 779654043
285 589 842879546
1829 285 549929631
1828 1140 934041506
504 1142 819136179
864 504 124735244
1741 864 909359927
1336 1146 419251322
1696 1147 200252845
1598 1149 969325504
1720 1151 834340960
1503 1152 350495241
1593 1154 908111711
1289 1155 456107246
45 1156 161495041
86 1157 122406616
1974 86 790030325
1209 1158 909094483
473 1159 345622458
904 473 427257414
156 1164 508843626
203 1165 618863561
662 1168 740615688
1619 1170 678388321
1179 1171 677190024
1342 1174 987960677
1092 1179 473757460
651 1092 808480721
1323 1180 518047687
678 1181 112116755
1359 1183 270765279
774 1184 365591602
1829 774 864587423
1627 1186 513197414
1907 1187 612423743
996 1188 839139912
1269 996 985668914
213 1189 527423082
216 1192 739091719
1407 1196 112440045
1600 1201 830538541
942 1203 20744511
1733 942 404396915
882 1206 227336097
1974 882 34702828
338 1207 659822835
1499 1208 513911288
1547 1209 515609344
1272 1210 73769318
869 1211 54976271
1416 869 934853240
1047 1217 846129984
1137 1047 264555042
1682 1218 710961591
579 1219 173437160
219 579 225799073
981 1223 592421755
768 981 783834181
136 768 132374228
1739 1224 961430568
1742 1225 719742553
106 1228 604078862
1144 106 599484840
866 1235 629320107
906 866 203474795
481 1236 790009808
1144 1238 972657018
154 1144 294812034
1816 1244 895382435
1783 1246 224054072
872 1247 844383267
311 872 710648351
1890 311 981039523
120 1249 928536888
1356 1250 800616454
70 1251 532882115
736 70 396757873
1176 736 12991749
1989 1253 248857594
484 1257 599878223
1337 1258 826219272
818 1259 827492101
1678 818 789950108
906 1261 941592257
1221 1262 823069253
1094 1263 97442813
646 1094 270039025
37 646 56741251
623 1268 370275496
1919 1269 461460719
1202 1274 531940398
1705 1276 673930629
1020 1277 857062635
762 1279 529761193
1549 1280 283878642
1705 1281 991942906
1063 1282 408807826
782 1284 449668590
1408 782 888536333
462 1285 379132235
1887 462 209176310
992 1288 322579559
1468 1295 834943200
1436 1296 135510478
643 1298 309089115
1675 643 17749641
92 1301 633442172
977 1303 188496904
1719 977 838598404
1473 1304 659444347
645 1306 250033463
519 1309 321739875
528 519 304292284
333 528 340359851
257 1311 46119900
15 257 242589216
1834 1314 61738441
1128 1315 160630570
1061 1128 924686702
949 1061 510970475
624 1317 92335512
105 1318 790683818
682 105 509930778
1342 1319 893002572
34 1320 701409543
375 34 112762390
486 1328 2287768
1401 1331 168357331
517 1332 883744916
1240 517 842286304
888 1240 998191400
1721 888 967084357
1989 1337 799096202
402 1343 824937085
277 402 518911277
527 1344 497294025
1796 527 273329044
622 1346 913634698
194 622 534035892
315 194 10806097
1568 315 106537891
294 1347 520812214
1096 294 223267406
1087 1096 560157159
595 1087 947234967
1252 1348 408305232
1312 1252 789544884
261 1312 17741800
1898 261 181273322
1065 1349 439256861
109 1351 267313867
217 109 826270277
1457 217 92440329
581 1352 415293489
1632 1359 655479517
1674 1361 138668603
1239 1362 470658120
833 1239 451235276
694 833 95298501
113 694 115814763
900 113 112761225
1476 900 468746668
1522 1364 576824575
763 1371 432740840
1009 1372 23820172
393 1009 615147364
1119 1373 953909065
934 1119 942108504
1395 934 509580273
632 1374 5364448
1771 632 463316352
720 1375 7673686
1115 1377 613552925
37 1381 802007238
853 37 218013720
665 853 14942515
1723 665 274611884
1711 1382 328870069
420 1383 848522046
180 1386 508369920
1013 180 890576510
1652 1390 456867454
110 1391 442583713
383 110 423248991
588 1394 860262856
273 1395 310478245
1266 1396 213232004
1433 1397 268356370
313 1401 943192496
396 1404 678077103
1801 396 936959785
468 1405 591562137
769 1406 209516819
1948 769 762782345
591 1407 198422432
1066 1408 293532658
1715 1066 714874665
992 1409 347801862
442 1410 214357598
1582 442 586181653
1659 1411 443935317
350 1412 929916185
816 1414 367060028
1077 816 122474929
183 1415 370284393
216 1417 638201002
1914 216 235546976
392 1418 317189148
845 1420 319694320
357 1422 361126131
764 1423 474036057
1872 764 341127662
1392 1424 185230880
516 1392 325353511
1583 1425 850010770
1243 1430 582033405
916 1243 175039756
1413 1431 183195807
621 1413 569680781
1878 1432 161785015
119 1436 861769160
1213 1437 511800749
806 1438 465265145
1484 806 932037616
1563 1440 856706321
1808 1442 370320029
1694 1443 115091108
1696 1444 801488855
1182 1446 953496187
1940 1447 676259905
1592 1448 443160508
1735 1449 40699671
825 1450 458568198
293 1451 58087953
488 293 317249544
508 488 302934479
786 508 747941625
682 786 160023373
1914 682 821275210
465 1453 637063978
1212 1454 378991572
1034 1212 522416264
389 1034 579383707
1197 1460 388159707
76 1197 484081792
1458 1461 532455514
468 1458 583114287
512 1462 236254204
567 512 476178057
18 567 98884467
1457 18 41685277
426 1463 603678274
1565 426 78729411
131 1466 130676512
1883 1467 975727551
1966 1469 740608157
251 1470 865739842
1688 251 907721335
609 1473 218540796
801 609 719489971
1966 1474 320831029
1878 1476 338960202
1333 1482 749220189
1993 1333 65209879
1671 1483 588273606
1519 1484 911048291
908 1485 824828712
368 1487 131556755
335 1490 736223361
1961 335 17629864
899 1492 744144712
1350 1499 977259216
1886 1503 372827275
120 1505 21278300
1376 1506 50227869
1169 1376 382487145
801 1169 183227834
625 1508 54640523
1387 625 112749333
1023 1387 208962749
58 1511 469573739
452 1512 370735434
1627 1513 105995317
804 1515 538781231
1221 804 542248819
779 1221 708885958
1162 779 950121996
112 1162 949920577
976 112 124962164
1990 1517 425119617
1017 1520 573645487
1093 1523 509675926
1629 1524 815184319
569 1525 427945061
1428 569 965007485
1478 1526 469539722
195 1528 580149950
1141 195 346929366
1925 1529 532528076
29 1531 469293578
1226 1533 642193261
1018 1226 273995948
1907 1534 972569910
1611 1535 648891765
131 1537 559366601
1256 1540 40736647
1990 1256 170941749
1213 1542 619084291
284 1213 291629803
322 284 333913932
400 322 453551293
425 400 654141986
317 1543 169828288
1475 317 444927404
252 1475 665245262
50 1544 465250839
1055 50 616566601
154 1550 748977513
374 1551 590878245
1175 374 167493556
1090 1553 187556352
494 1556 169180868
1497 1559 35141499
1354 1497 121443637
1770 1354 711632677
838 1560 886617613
1636 1562 375414123
1779 1563 539539244
1385 1565 605157539
612 1385 65618728
1327 612 447514365
841 1566 166688125
1384 1567 324856112
1113 1384 478767218
160 1113 352593823
1548 160 555917059
181 1568 900129836
69 181 723731142
1464 1573 720443172
200 1574 331963459
1872 1576 297881611
167 1577 717063736
114 167 574097695
82 114 369339912
1867 82 692016500
1308 1579 783706443
1019 1308 754899980
273 1583 549989973
1977 1587 717413725
874 1588 293467076
1088 1589 661855126
614 1088 919918606
491 1591 806530754
490 1592 445244661
1074 490 758151003
1731 1074 257870420
1143 1596 415053737
1161 1597 949487207
889 1161 993223955
78 889 98049742
1292 78 759939469
1220 1292 616072072
1834 1598 218353622
1267 1599 671690859
1069 1267 226041408
1788 1069 528606833
348 1601 350513679
1776 348 505335112
338 1602 876573830
978 338 741458358
1581 978 929532609
597 1581 729409203
1572 597 166613740
594 1603 929169738
1465 594 492478901
595 1465 954308605
1934 595 938466563
1802 1604 322593012
1504 1605 323397115
1049 1504 579609989
76 1049 51674707
235 76 802991586
1358 235 890096553
767 1358 666310768
414 767 624012134
1674 1606 145573771
468 1607 813124022
894 468 724885108
1271 1608 448226554
686 1609 838717557
1038 1610 935406778
868 1038 584700281
1264 868 645999666
926 1264 694154595
1163 926 869745815
1744 1163 472859274
1638 1611 10116677
534 1613 139880549
1995 1615 507309503
1620 1618 745579180
107 1619 958746989
403 1624 88269271
1552 403 210101384
99 1627 93071671
1379 99 282924885
487 1379 729264052
1380 1630 771432794
695 1380 739236140
229 695 985794780
366 229 377773566
676 1631 339599530
1097 676 339584347
1368 1632 22374270
911 1633 624717085
1002 1634 10185487
637 1002 251619022
435 1635 193998982
1055 1638 707944019
780 1055 805174021
803 780 518505582
1548 803 478441831
226 1548 242875429
1114 226 789642295
92 1114 632074051
14 92 585612723
49 14 682177406
1961 1641 204430411
71 1642 996453772
686 1643 162188048
1051 1644 591601887
1616 1051 583188163
242 1616 35289890
1421 1647 304336726
79 1649 544115381
1134 79 401968659
719 1653 330463331
1248 719 276117269
737 1654 434856806
1341 737 870422089
1646 1655 144124669
1903 1646 509693790
1916 1656 486094223
325 1664 568033056
815 325 314557589
1798 815 792647162
354 1666 590640227
946 354 452209486
1518 946 533883392
1089 1518 683152504
1648 1667 178445454
1969 1648 161253155
1572 1668 541911590
1961 1572 281377056
1578 1669 305668614
1477 1671 845381630
376 1672 922094871
1665 376 731512492
288 1665 880103954
887 1673 112948678
1795 1675 660725914
1721 1677 201315300
860 1678 371599199
798 860 483919917
1191 1679 944390418
1527 1191 122997814
187 1680 794602913
929 1681 904148883
809 1682 197799185
172 1683 850273421
392 172 933678618
1901 392 810179433
429 1684 533532023
858 429 847494628
1272 1685 335726857
1637 1687 843007720
1744 1637 937395373
1230 1689 489199101
884 1230 888652508
1714 884 144413601
487 1690 600973146
561 1691 898987517
258 1692 704094622
288 1693 156556235
454 288 40100158
1614 454 449266744
1698 1614 325085571
1176 1694 974015852
1360 1176 171265735
1952 1360 105898224
290 1697 166792215
126 1698 134477122
1011 1701 121337719
1983 1702 508848727
1160 1704 810809044
1676 1706 383604077
1293 1676 826474899
1660 1707 801609191
1874 1660 670443773
1082 1709 641365845
1727 1082 377032271
19 1710 625054667
1121 1712 217276430
904 1121 193570431
1937 1713 132480346
189 1714 244505172
798 189 298138612
496 798 891193430
434 496 918610345
280 434 527055109
857 280 474428625
31 857 812548726
1478 31 693958233
722 1478 466197281
1890 722 743127869
1231 1715 115662208
1013 1717 604155370
974 1013 673578670
1807 974 121053085
814 1719 236199537
435 814 892914202
721 435 833000454
1886 721 344993015
7 1721 781810909
604 7 951223019
460 604 775812553
1324 1723 843610819
1182 1324 41533708
1705 1182 466946330
327 1705 727845802
1439 327 917793068
1368 1725 441622649
416 1368 81470946
53 416 879631706
1107 1727 613114573
398 1107 590396111
1150 1728 877748365
887 1729 419444189
867 887 229357378
1177 1732 273232831
1824 1177 227042951
821 1735 443660181
976 821 536301687
1342 1736 330065112
333 1342 734662908
640 1737 788692069
1519 1738 423995055
1370 1519 267216702
714 1370 552017595
350 714 150392218
544 350 713544288
258 544 380177375
922 258 906451839
1688 922 965207872
1612 1688 992023076
859 1739 15413007
591 859 97128297
77 1740 930027471
747 77 611040938
1852 747 80706245
25 1743 243083462
1335 25 609514576
1480 1335 579394173
1500 1746 929103871
1854 1747 81331222
614 1748 714207096
1098 614 963044008
1731 1098 488654114
1241 1731 773338050
582 1749 544614820
1402 582 157508762
186 1750 247359351
57 186 109795272
316 1751 363629031
237 316 268609579
1969 1752 811888661
1806 1756 128662878
1760 1757 737440852
635 1758 581550642
1173 1759 32639090
1090 1173 131448085
1255 1090 134410579
398 1255 637841824
1455 398 638799890
993 1761 292145894
1659 1762 57098715
1663 1763 674580047
1493 1663 675506820
123 1493 308745983
1561 1764 267909264
530 1561 333309717
1883 1765 870932875
1166 1768 103915677
841 1166 591224735
952 841 263564011
439 952 131096825
1065 1769 714555057
799 1770 623625126
1297 799 103648919
1024 1297 926916734
1686 1024 292313121
967 1686 220298804
328 1773 695477981
1718 328 656620128
1569 1718 250391916
855 1569 98231897
1426 855 834644183
152 1426 208650518
778 152 432170847
1345 778 521762222
53 1345 47119170
324 53 159856207
1932 1774 23635440
911 1776 469776299
749 1777 22943024
282 749 719338813
1053 282 673866095
1329 1778 70321274
1116 1329 594193225
87 1116 165525171
1920 1779 393333996
1001 1780 676031737
1547 1784 696586429
1456 1547 791038798
923 1785 708329937
1340 923 703657124
640 1340 486334462
1828 640 926314171
602 1792 879952885
929 602 523244436
777 929 375625321
163 777 769570418
492 163 954510596
1585 492 520779251
683 1585 506940105
1947 1793 278983275
1486 1794 582724570
1076 1486 763245910
532 1076 732711487
1899 1796 183714280
1248 1798 980256829
425 1248 908117006
1480 425 670139842
836 1480 395556489
440 836 870692062
119 440 781949654
1786 1799 160074715
231 1786 874840294
1093 231 865911582
1872 1800 489256200
385 1801 411873275
1509 1802 3306076
568 1509 812666335
1283 568 757112282
1948 1803 659687371
1310 1804 961476201
1964 1310 410825699
156 1806 127027510
1283 1807 95521301
902 1283 636345447
1464 902 299083361
648 1464 371483691
1670 1809 338877560
1514 1670 113824634
874 1810 285204483
692 874 97226953
1477 692 104191200
1325 1477 293447712
1334 1325 364501787
1866 1334 54940211
494 1811 697552607
351 494 810629665
758 351 599209955
1289 1812 171781371
57 1289 36557317
870 57 458237923
1961 870 367530381
683 1815 520299411
909 1816 236213570
200 909 10311975
1886 200 613748638
1564 1817 180253960
33 1564 262571353
1327 33 350971788
344 1818 530306491
892 344 186143210
1494 892 80294866
1545 1494 210404492
1178 1545 2040741
1753 1819 684863942
1898 1753 122232113
1720 1821 455852748
1502 1720 403624912
1546 1502 373623496
162 1546 692443689
1552 162 666829764
1965 1552 962156704
516 1823 842200296
1829 516 202927098
1321 1824 677281984
321 1825 642107279
1514 321 794216240
1433 1826 681205686
1536 1827 664979932
1782 1828 220136689
1575 1782 982222908
1652 1575 74480967
899 1652 683089336
1555 1831 414181736
1020 1555 74541373
867 1020 689795452
1056 867 806203009
377 1056 769155468
976 377 756537934
1558 976 117839944
283 1558 282107540
1516 283 1871069
894 1516 227783246
1744 894 875516658
1996 1744 892447779
1389 1832 409450913
679 1834 292280491
1927 679 643980544
1645 1837 278546814
303 1645 953028801
333 303 868641395
89 333 245681739
856 1838 248666115
420 856 458596668
1323 420 955269118
1099 1839 556860309
491 1099 172933200
637 491 240276083
1270 637 877980897
1755 1840 521622730
656 1755 193955928
584 656 330460262
1260 584 787117742
879 1260 695302714
760 1842 469446796
1980 1843 741396587
956 1844 100160692
1889 956 266723335
89 1845 386054141
1557 89 191747483
407 1557 593288386
203 407 321793076
1336 1846 751340511
1294 1336 626876439
1906 1294 723720557
879 1848 763122403
1586 879 105274193
1928 1586 514071568
937 1849 631875024
1745 937 69305843
700 1745 594306205
775 700 564190742
1275 1850 739466033
1229 1275 32214628
608 1852 777989525
94 608 313423141
529 94 761646821
51 529 340174948
1584 1853 323131267
67 1584 185686936
1781 1854 592163862
107 1781 604339808
486 107 413025175
1402 486 829368975
1937 1402 810610145
236 1855 540405503
1650 1856 588379569
15 1650 779841967
1981 1857 898600567
122 1858 121273047
651 122 209891875
1980 651 831274425
838 1859 443388640
21 1860 905845063
1220 1861 119340892
1079 1220 141167435
1241 1079 255351767
878 1241 585010263
1662 878 630472403
1870 1862 279148947
1270 1863 85030849
564 1865 835143136
1521 564 677757208
1058 1521 665003297
610 1058 695336182
1890 1866 875923395
273 1867 526400239
1636 273 770969847
1427 1636 132328179
383 1427 469663658
1754 1868 845951226
1954 1754 429734621
451 1869 965814455
314 451 853878066
1730 1871 805660990
666 1730 586898294
1097 666 297494120
357 1097 935054069
846 1872 610035611
1341 846 815299404
1193 1341 202845311
324 1193 366316711
1023 324 123512687
621 1023 836844573
1890 621 69233540
1766 1874 324302943
1302 1875 759562678
966 1302 602102477
56 966 600311659
1127 56 845134332
906 1127 978261367
145 1876 337976634
414 1877 282923227
971 414 503135800
1214 971 773235069
762 1214 586037353
534 762 142899358
1997 1878 598985140
1471 1879 93900535
1137 1471 674203811
1435 1137 39881180
550 1435 104251223
1722 550 852110325
1143 1722 738276129
1081 1143 555256534
1134 1081 678407292
1233 1880 124596008
953 1233 442113082
438 953 833019828
1205 438 881380768
1327 1882 488359674
994 1883 374907545
898 994 797457226
520 898 466223898
1350 520 972639615
1300 1350 728684249
861 1300 407376921
906 1884 804870150
1571 906 905456524
467 1885 992031416
389 467 148766101
1726 389 571228115
291 1726 294327510
1814 291 258870451
1507 1814 597253621
1623 1507 597544489
730 1623 190779404
123 1887 891217103
1102 123 26060908
417 1102 210244572
459 417 76033432
1696 1888 989234425
1200 1696 407613965
1894 1200 48708718
1326 1889 219631396
307 1326 617908367
466 307 686162731
1733 466 580510894
532 1890 677630980
858 532 340192630
1700 858 224214832
452 1891 405939021
1659 452 86305732
289 1659 325339710
558 289 329427975
1134 558 888233250
1032 1892 753290055
1829 1032 859127755
164 1893 391588904
809 164 749236932
1093 809 657061345
187 1093 250504568
480 187 283905059
1742 1895 338744764
707 1896 528599591
1822 707 217596310
802 1897 825321762
1231 802 402750892
1202 1231 441246910
1959 1899 166324388
1985 1900 878212518
1232 1901 934610703
439 1232 988267456
401 439 412969239
125 401 139309148
1316 1902 435085940
678 1903 758391351
358 678 26672942
875 1904 697576170
1445 875 283182707
1813 1445 837722792
998 1905 415464402
1353 998 249019361
734 1353 110069484
1132 734 150557651
908 1132 113410955
683 908 776763764
1006 1909 344873402
1898 1006 171977668
1194 1898 696452502
1813 1194 58737438
480 1911 861590648
1639 1912 662205724
720 1639 722253335
250 720 161780647
834 250 188591002
1053 834 571283223
1479 1053 388856626
784 1479 348193109
664 784 408461464
1970 664 673217071
1242 1913 250429180
1829 1242 23003675
1921 1829 803565731
156 1914 587547907
29 156 926951684
1582 29 638047108
1339 1915 428430320
1530 1339 998597264
1148 1530 453267048
85 1148 921722162
586 85 428635481
681 586 237590392
1628 1916 296081214
1626 1917 760408217
84 1626 754100670
897 84 615262650
1398 897 281803878
1995 1398 266554516
264 1918 552049028
42 264 44081738
1273 42 408867839
526 1273 932880701
914 526 309774315
1234 1919 357953210
1330 1234 43533801
192 1330 856742306
628 192 948097571
204 628 296539362
145 204 503312717
127 145 577967341
1994 1922 764038341
26 1923 79067471
993 26 817039651
183 993 834830518
551 183 988433219
262 551 663815755
87 262 986769526
648 87 138648340
1160 648 318462203
148 1160 280585518
45 148 103533312
1549 1924 698842518
218 1549 973524405
232 218 86338811
323 1925 38434388
1421 323 156307766
1185 1421 384346067
111 1926 129828773
1741 111 642540240
290 1741 185603136
954 290 553429108
3 954 365351453
1495 3 772446235
592 1495 12405592
1590 592 253619704
1651 1590 682837610
1873 1651 714056016
98 1873 709338403
992 98 613833848
1305 1927 207137017
1967 1305 775506143
1835 1928 561341637
459 1835 112889690
1699 459 551361768
865 1699 545526997
127 865 2880592
1059 127 560617965
645 1059 520049754
1125 645 805495792
748 1125 55805690
27 748 433287226
248 27 647622391
1008 248 831482070
1958 1008 480839575
1175 1929 283684548
1532 1931 366928313
1969 1532 524543601
1110 1932 703857994
432 1110 196017731
828 432 383776256
1988 828 147420570
1245 1933 793626231
980 1245 947049395
518 980 738417822
1199 1934 794124722
95 1199 543454231
1805 1935 76267214
1629 1805 800049040
242 1936 989004607
1489 242 884689455
1724 1937 211231987
1621 1724 724235841
1813 1621 734693540
829 1938 509527325
1703 829 981315856
1967 1703 160261131
1527 1939 413294938
1365 1527 705248954
911 1940 162792151
1881 911 726718848
1299 1881 10246315
740 1942 743224581
201 740 631182407
1299 201 396487239
1908 1299 35899278
1178 1908 388475514
1078 1178 12934666
1175 1078 286499402
358 1943 597747875
743 358 971316058
1625 743 762217322
1622 1944 425289524
464 1945 897169198
1229 464 705858539
1403 1946 700859310
336 1403 457288339
1145 1947 488480957
1870 1145 990920709
507 1870 995783047
45 507 807214979
904 45 66910406
1789 904 765752897
1539 1789 422407197
1716 1539 848802102
541 1716 973387304
60 541 224949055
1185 60 449787393
245 1185 210868101
1271 245 836146447
1695 1271 546390670
661 1695 251968612
1864 661 378429985
1355 1864 309588747
662 1948 344862952
1950 662 340394501
477 1949 980363963
913 477 145935526
465 1951 578991856
581 465 671728421
850 581 75763080
1321 1952 393692656
1025 1953 427380354
202 1954 153989459
1011 202 374703670
1363 1011 120092862
635 1363 547183606
1625 635 687714357
838 1955 140365121
295 838 586617786
134 1956 680091878
729 134 786218762
347 729 545035193
1612 347 805899352
1323 1612 867259321
1797 1957 655647028
591 1797 262443681
1742 591 215978261
1270 1742 692252719
770 1270 805032357
1254 770 221300529
277 1254 875473502
149 277 584146350
1847 149 809698107
763 1958 538431137
1167 763 896373015
1222 1167 589239487
939 1959 812354711
1338 1960 892527570
5 1338 489422437
359 5 291361152
357 359 480859588
1600 357 175377407
725 1600 711715696
124 725 259270331
411 124 504451156
1120 1961 757464775
1202 1120 432280066
1640 1202 85533578
671 1962 806708907
837 671 653457632
345 1963 806757698
1472 345 24716689
1481 1472 450641718
522 1964 436781509
518 1965 751531312
1772 1970 379729712
67 1772 205396864
227 67 49318283
1790 227 686258406
1205 1790 823996076
144 1205 984306067
423 144 812721986
1367 423 92803377
388 1367 944587070
534 1971 765006893
1760 534 129725406
1172 1760 607410366
1291 1172 489263406
1327 1291 328030640
1019 1327 155932982
710 1019 779658929
1580 710 226223193
1067 1972 184331157
708 1067 503837046
1886 708 554379203
618 1886 110009064
1930 618 515182560
1488 1930 451340764
899 1488 577387084
1481 899 549550517
1316 1481 453655297
175 1316 72986215
270 175 605786513
588 1973 919741576
1733 588 569784310
1457 1733 343835344
1399 1457 19501861
161 1399 832951982
1813 161 725189562
1841 1813 371137573
236 1841 244970667
1921 236 742994794
1175 1921 924072239
1065 1175 746778545
118 1065 634497705
410 118 659262930
1501 410 213390771
1141 1501 219515370
95 1141 945373374
1625 95 773504084
80 1974 375914464
276 80 891689871
561 276 118912096
1822 561 988166678
1150 1975 506555742
1498 1150 323413515
1393 1498 350827026
302 1976 138035084
1039 302 460641392
295 1977 882926174
1489 295 701532169
368 1489 681104627
12 368 211509200
554 12 255325994
1700 554 805483576
610 1700 485088858
1822 610 291383911
1788 1822 357932037
1620 1788 859882406
1836 1978 477365382
844 1836 562004606
52 844 878388877
1808 52 241699244
22 1808 415499834
196 22 238148461
1455 1979 340082064
298 1455 616816022
1580 298 145578158
182 1580 971226183
775 1980 993452222
1416 1981 33561298
1369 1982 478292461
1025 1369 812375468
21 1025 692857085
518 21 652063066
1625 1983 628170004
861 1625 425784825
480 861 555022856
1833 1984 139395353
1286 1833 712657975
683 1286 451137374
68 683 737739089
97 68 975770033
891 97 724049497
1906 1985 444150807
1766 1906 599341924
1571 1766 88721936
1538 1571 51603844
313 1538 588548814
1198 313 271618550
1016 1198 818152972
1711 1016 761762397
1541 1711 202462987
1628 1541 19229941
1089 1628 296815927
1115 1089 571450103
914 1115 632294466
1791 914 333323200
1968 1791 115074790
1400 1968 280159509
1106 1400 784064378
1018 1106 449649333
1138 1018 338458294
681 1138 502794586
120 681 293994373
620 120 694348979
1950 620 445081851
1433 1950 37658904
119 1433 725920048
126 119 681904398
281 126 916737689
1629 281 683091005
962 1629 957582798
1969 962 415717802
936 1969 912072667
1830 1986 658155275
343 1830 67363844
1365 343 98069250
1622 1987 363229152
390 1622 341119520
1204 390 36228147
388 1204 482689728
758 388 259707487
309 758 994067986
457 309 339727413
1419 1988 735398956
1365 1419 644002629
518 1365 834440300
759 518 150378682
916 759 956874379
1290 916 242001433
460 1290 383222606
1920 460 571877367
599 1920 80653280
457 599 586203295
299 457 187360068
912 299 369482571
1847 912 788650264
1287 1847 626492565
1496 1287 441134361
730 1496 537811888
936 730 907757111
1323 936 54360094
1554 1323 255214669
1851 1554 812488839
1775 1851 989301707
1229 1775 828853054
726 1229 92369865
1907 726 608815501
1620 1907 907685455
375 1620 533502639
728 375 543769636
775 728 50693951
1060 775 20255958
1111 1060 133331337
1222 1111 510785130
913 1222 52897655
559 913 527424850
1036 559 627766584
522 1989 853473092
393 522 54842818
530 393 533144838
862 530 319707589
1266 862 177051491
339 1266 388675173
224 339 302147238
843 224 145205776
1783 843 121065726
49 1783 746451925
411 49 409453837
577 411 310489987
515 577 163560745
487 515 662143533
1215 487 627711654
349 1215 833278320
1042 1990 622259405
1441 1042 546890389
654 1441 948375653
1428 654 186392296
1017 1428 511297399
484 1991 466722878
480 484 534355596
1393 480 857502974
1004 1393 374577912
549 1004 180167038
1045 549 514131908
270 1045 53876093
463 270 283672978
1967 463 87661318
1578 1967 957781595
801 1578 76950945
274 801 831724214
805 274 58009861
1001 805 827138145
825 1001 297696412
182 825 910343682
1734 182 697334981
1307 1734 238177381
1388 1307 993730374
90 1388 335937628
837 90 428760186
196 1992 441294731
1595 1993 162179627
215 1595 880809282
1278 215 132026124
827 1278 945757531
385 827 939378224
939 385 884811043
649 939 622443720
1674 1994 701704302
1389 1674 30478816
241 1389 612174438
1195 241 555755214
1313 1195 794923891
839 1995 581576707
1293 839 859583965
535 1293 357605690
1514 535 253764622
1063 1514 874313060
1640 1063 631940219
1661 1640 220341660
1787 1661 361242566
967 1787 970084826
437 967 853098006
1593 437 915387070
611 1593 475697774
1134 611 703555269
686 1134 685145289
446 686 784691580
986 446 572545719
15 986 355062390
219 15 425904267
1355 219 100062292
1322 1355 118551862
1356 1322 255352921
252 1996 414294423
1227 252 213905504
131 1227 931579307
1429 131 507338776
948 1429 748515699
1439 948 837192572
1617 1439 741279386
1657 1617 586668588
1966 1657 670172281
2 1966 598378060
232 2 469817636
957 232 671459452
361 957 205358011
745 361 57916469
130 745 93367237
1662 130 730669284
1910 1662 539125012
269 1910 317576924
1658 269 28963119
1491 1658 688613391
1036 1997 877460207
383 1036 293553289
677 383 918489685
837 677 373233085
1017 1998 560991254
314 1999 534730325
781 314 125197101
1265 781 46144029
562 1265 378483852
1594 562 145402166
481 1594 243495013
752 481 172713931
753 752 942519395
509 753 5464834
1536 509 278698265
949 1536 859822769
10 949 702710658
349 10 183440049
624 349 624365798
19 624 363876806
196 19 54488827
992 196 485308233
1708 992 129803777
891 1708 651510433
125 891 183374457
1582 125 232017877
1017 1582 682057471
1077 1017 257434116
71 1077 62719276
1500 71 664140753
1039 1500 865850231
623 1039 523307037
1366 623 80592533
1123 1366 293239736
1104 1123 135313737
51 1104 89073392
1321 51 308443357
1767 1321 180459861
1272 1767 809386980
366 1272 14408792
146 366 193050050
760 146 306609745
1216 760 736529256
1452 1216 979154206
1190 1452 322291830
1522 1190 286934637
699 1522 183367599
1434 699 613073583
213 1434 82325968
837 213 105766294
69 837 976309862
136 69 993295426
1237 136 364556553
1795 1237 198694232
850 1795 573275131
1456 850 413621894
1122 1456 406845886
237 1122 19079882
1313 237 696717684
1941 1313 6853905
1510 1941 996608663
58 1510 656238243
1416 58 972505500
1771 1416 25009887
1356 1771 204987173
1357 1356 568658516
1378 1357 806244719
1153 1378 385276871
1820 1153 228939595
178 1820 729535383
1894 178 445049360
688 1894 640874267
223 688 67880331
649 223 916399050
1064 649 798656701
1468 1064 899428684
1459 1468 93375283
336 1459 56354927
563 336 68791707
845 563 267591932
210 845 295892818
1570 210 974384974
203 1570 210266998
154 203 123958875
1491 154 480095114
928 1491 904690371
928 2000 288712550
