1009098485458
1008104392445
1007113585694
1006123814319
1005137366756
1004155401050
1003176960179
1002199760170
1001224513884
1000252655520
999280920997
998309208024
997337539043
996366147719
995395756180
994429666907
993466810515
992504027844
991541947729
990580182047
989619104061
988660504816
987705228312
986751070253
985798550693
984850784546
983904219362
982958726926
982016340733
981074605265
980136007981
979198056705
978260185415
977322792818
976385444160
975448611254
974514944122
973587024506
972660311836
971735770283
970812470054
969893177572
968976983399
968060870826
967145067671
966230873375
965318120315
964405525517
963493492346
962582349901
961673107333
960764001940
959855235433
958949541993
958044208518
957141307850
956242006351
955343197472
954445631753
953549348579
952653742897
951759826209
950866788056
949974246409
949083102280
948192419817
947302240696
946413630057
945525588610
944637741693
943749949892
942863468017
941977705660
941092393122
940210541350
939331536297
938452623691
937575990284
936700501524
935825353426
934951674831
934078867824
933209279116
932340659518
931472909742
930607536195
929742862272
928878323469
928014037624
927150223599
926287708936
925425237437
924562909223
923700601337
922838311639
921976741963
921115684663
920256469432
919398401557
918540818166
917684790228
916828922686
915973753256
915120293939
914270175543
913421436025
912574163081
911730149800
910887189006
910044936502
909203298629
908363394985
907524077063
906686272775
905848626482
905012943305
904180085590
903348070697
902516150419
901685243244
900854463736
900023939116
899193925581
898368931048
897544602029
896723658293
895903899420
895084698634
894265893858
893447145461
892629669782
891813814951
890998710687
890183737626
889370673124
888557800297
887746844790
886935981882
886130800796
885326140166
884521635707
883717282507
882913826974
882111297835
881311888674
880516203775
879720703893
878926302722
878131986858
877337896882
876545188401
875752739445
874960615808
874169493514
873380032801
872592332004
871807689348
871025189774
870243435889
869463191007
868683117818
867904086707
867125286818
866348095837
865571335408
864794630274
864018673165
863243675393
862470271300
861697252142
860924435813
860152248869
859381642151
858611750327
857844087112
857077169230
856311818466
855546536051
854782170202
854018558347
853256064123
852494052078
851733396811
850973513927
850214417014
849458047556
848703204164
847951017202
847199129082
846447733410
845698283706
844949543999
844201306397
843454203242
842707534133
841961410397
841215467270
840470264692
839725898434
838981824461
838238061626
837495142234
836752365509
836009708904
835267578989
834526621481
833785678264
833045081071
832304606466
831565910732
830828083284
830091310716
829354645377
828620052049
827888356727
827156855489
826425837530
825696834815
824968617411
824241002261
823513708729
822786622945
822059714122
821332978346
820608982107
819885230226
819163491457
818442063637
817720656297
817002236741
816284725553
815567986586
814854020137
814140547803
813427890696
812715498960
812003238228
811291025010
810580477021
809870439368
809160835477
808451422107
807744986379
807039285436
806334121097
805629679792
804933649025
804237846325
803542728059
802848413956
802155977502
801466577008
800777759761
800088953255
799403490009
798720927180
798038609218
797357834708
796677388330
795997652867
795318240406
794638889227
793960376239
793282199646
792604546494
791926909925
791251358631
790576576966
789903445295
789230604364
788558387143
787888681614
787219700345
786551536163
785883872872
785216657999
784549666238
783883407283
783217532583
782554711046
781892436036
781230264044
780568408187
779908388625
779250208170
778592751076
777935881613
777281185049
776626517702
775973417627
775321628670
774669841816
774018719848
773367845850
772717206518
772066745569
771416698797
770766716585
770117125424
769468101364
768820204968
768173461127
767527385988
766882931464
766238682090
765595845257
764953066278
764311575863
763670881526
763031521830
762393422763
761755720296
761118357605
760481322394
759846046930
759212437099
758578863816
757945368265
757312056241
756679988765
756049065755
755418301185
754788640329
754159319665
753534547026
752909928264
752286330008
751664413226
751043612324
750423619443
749805623803
749188760545
748573812479
747960861100
747348677453
746737330292
746126060746
745515301535
744904921256
744295206674
743686699697
743079339946
742478038720
741877862669
741277925999
740678209970
740080620290
739483275587
738885966359
738289802399
737694715017
737099956437
736505889375
735913479849
735321559102
734730078819
734139357907
733549541051
732960523113
732373198294
731786492553
731200565272
730615348859
730031490650
729448779469
728866172520
728284611592
727703380020
727122223654
726542049769
725968365364
725395870850
724823609653
724251718244
723679873717
723109418029
722540797499
721973566236
721406847879
720841873400
720277451845
719713151927
719150085846
718589935601
718032309922
717475054692
716918068385
716362421466
715807669651
715253048123
714698456350
714144372556
713590717344
713037647263
712485123754
711934668621
711384265578
710836043270
710288390890
709743332638
709198325209
708653848652
708109584308
707565724228
707022746166
706480608727
705938929300
705398002470
704857548729
704317096063
703777149714
703238786495
702700474145
702162290550
701627734306
701093953595
700560534039
700029086093
699497739185
698967094315
698436843039
697906593424
697376847893
696849258382
696322606772
695797062752
695271823296
694746587397
694221785032
693697062558
693173147157
692649405349
692126548769
691605033961
691085108255
690565642205
690046176298
689526995155
689008507788
688490397870
687973404022
687457770531
686944691854
686431631370
685920285349
685409703393
684899932352
684392165000
683884805240
683380413938
682877125482
682375540531
681877314949
681380121107
680884041458
680390313854
679899398372
679408511262
678918154212
678429438106
677941203095
677454299568
676968781763
676485462887
676005185393
675526964776
675048948470
674571865487
674094928443
673618095111
673141948358
672666076659
672190711589
671715992176
671242185198
670769619535
670299512731
669830314498
669362067680
668894154014
668427037676
667961309706
667495744421
667030548388
666565430452
666102743499
665642052894
665181590683
664722100222
664264359228
663807376361
663351645482
662896147212
662440868333
661985852499
661531046559
661076955650
660623383466
660171003078
659718687383
659266703096
658816489763
658368430561
657922015251
657475745131
657033005037
656590803818
656149107809
655708934208
655269332460
654829993934
654393180635
653957315744
653522112803
653089240334
652656932751
652225520269
651795031237
651365407466
650936416798
650508433046
650081828254
649655570797
649229767897
648806499008
648384277731
647962369362
647540515840
647119460636
646698656930
646278942787
645859822040
645441072591
645022341872
644605535762
644189234477
643775088380
643360953645
642946957048
642534470154
642122609764
641712832280
641303116312
640896984071
640493408533
640090719045
639688728094
639287166853
638886169298
638488670880
638091439835
637694473139
637297860031
636901729506
636505760124
636110101981
635715238828
635320637779
634926046224
634533652126
634141878088
633751130376
633360413093
632969703325
632579417649
632189606804
631799815552
631410229280
631020650744
630631526505
630243097396
629856034433
629469142654
629082444542
628696182115
628310837800
627926079133
627541785382
627157593788
626773958775
626392212451
626011186619
625631826745
625253085520
624876425912
624500893448
624125426197
623749977712
623375445374
623002675103
622631150855
622261261702
621894197579
621527809940
621161810760
620796009549
620430426894
620065172083
619700130515
619335357617
618972065432
618608980507
618246386788
617886044071
617525943405
617166229253
616807062166
616449333493
616093326803
615737531989
615381782400
615026505747
614671786654
614318837809
613965991621
613619304846
613272931106
612926879933
612581701427
612236855933
611893011265
611549227114
611207496934
610867113777
610526998414
610188816999
609851076550
609515876033
609181968708
608848791125
608516191518
608183742197
607851646897
607521288769
607192142030
606863151620
606536152850
606209777724
605884625617
605562963708
605241595103
604920974061
604601886843
604283140119
603964421425
603647000153
603330211685
603013968277
602698174881
602382566430
602068673657
601755707635
601443005794
601131210090
600820617709
600510717378
600200925605
599891161853
599582579630
599274024924
598965484711
598657898620
598351201350
598045035620
597740409886
597436957680
597135505379
596834552050
596534375150
596234525796
595935024631
595638521937
595342800364
595047192431
594752122601
594458853470
594167430678
593876389854
593585670123
593294983568
593004421337
592714775452
592425355225
592137685000
591850367278
591563386823
591276939276
590992673148
590712999645
590436982371
590161848388
589886726999
589611958235
589338485298
589065761486
588794899546
588524329986
588254609861
587985781527
587719242561
587454337424
587190460860
586927232238
586664698913
586402681501
586141781313
585881546943
585621676998
585361899622
585102586620
584843334607
584584090664
584325600079
584069991286
583815040157
583560673737
583306619392
583053022055
582800295099
582548201752
582296331530
582044729895
581794263114
581544515170
581294955482
581046292559
580798994945
580552696336
580307022283
580061655499
579816935883
579572859294
579329244348
579085902438
578845323722
578605123638
578366614782
578128391818
577890485558
577653564683
577417732247
577182004212
576948592500
576715191479
576482179062
576251968862
576022952128
575795690490
575569772618
575344322887
575119854122
574896830003
574675695697
574454620268
574234556631
574015459756
573798253124
573581129532
573364859863
573148720642
572932769831
572717403765
572502124205
572288043036
572075120636
571862238354
571649878158
571437629929
571226493666
571016370047
570806405725
570596514323
570386919808
570178865532
569971816056
569765108067
569558534892
569352756396
569149286996
568946988529
568746364462
568546238241
568350671983
568155887255
567962513953
567770783824
567579151615
567389095446
567199944783
567011973498
566824705282
566637737540
566453350887
566269725956
566086210963
565903358176
565722296875
565541716168
565364264266
565186998039
565009972508
564834138017
564660077567
564487845830
564317460540
564147233265
563977014693
563808509660
563641894926
563477675149
563314391688
563151765353
562989301433
562828246588
562667222757
562506334321
562347183479
562188448845
562029722807
561871700442
561713956469
561557014159
561400508968
561244125862
561088213379
560934013191
560780090334
560629170793
560480317218
560332724364
560185464906
560038350226
559891381858
559744459270
559598886431
559453368841
559309607731
559166316972
559024195128
558882441252
558741423647
558600473794
558459967439
558320889569
558183939631
558047002054
557910387696
557776448970
557643483458
557511116742
557381992869
557253068453
557124495309
556996519810
556868904627
556742023897
556615272901
556488930887
556363098311
556240872857
556118861518
555997764445
555876952941
555756825103
555638941099
555521719638
555404730917
555288562513
555172780559
555059139244
554945843601
554834452164
554723570839
554612854019
554503820219
554395983765
554289058487
554182287144
554077522005
553973883920
553870493940
553769686866
553668931612
553569339666
553469912525
553372980603
553278938384
553186615793
553095256036
553004099784
552914763106
552826647986
552739235522
552651904303
552566702611
552481848027
552397087261
552312937505
552229289042
552146367847
552064041510
551982676844
551901584660
551821155182
551741233105
551662950415
551585217363
551508207432
551431407010
551355472269
551280053897
551205319451
551130804519
551058101578
550985583842
550914622148
550843928664
550774791514
550705838956
550637915401
550570271551
550505485068
550440951268
550376979238
550313774372
550250618143
550189820112
550130204598
550071029580
550013138456
549955513775
549898512151
549842222905
549787457631
549733661079
549679971368
549628356568
549576890492
549527218742
549479005406
549431198869
549383898329
549337183100
549291254421
549245623028
549200554190
549156709640
549113172662
549070669790
549028879489
548989273612
548950063844
548915035439
548883032612
548851450491
548820887569
548790381210
548759983936
548729587293
548699561917
548670469010
548641812760
548613621198
548589000477
548565403964
548542066037
548520132590
548498258964
548477457521
548456986029
548436805542
548416981742
548397332479
548377857109
548361051936
548344535011
548328278915
548314012223
548300429522
548288536395
548279035329
548269794023
548261826224
548254273115
548248463218
548243862946
548239905971
548237486451
548235261637
548234704963
548236192591
548238574845
548242787333
548248777932
548255737057
548263982759
548273392974
548283206226
548295428296
548308474465
548321994111
548337168221
548352382468
548368083875
548383826582
548400116035
548416516884
548434363907
548452265440
548470197013
548489478692
548508956579
548528897316
548549407517
548570045730
548592756256
548615600076
548638879222
548662414587
548688175310
548714415242
548740841129
548767518386
548794351407
548822146319
548850666258
548879396517
548908883932
548938829640
548970136471
549002046843
549034123778
549066271724
549098667523
549131144104
549163621839
549196917449
549230316106
549264363027
549298833008
549333935502
549369064303
549404380753
549440229249
549476299693
549513061563
549550053674
549587582866
549625112875
549663946100
549704195899
549744810616
549786757620
549829126324
549872486574
549915858251
549959373923
550003024285
550046897006
550091338925
550136735052
550183030359
550229941807
550277490572
550325262518
550374237810
550423332148
550472779363
550522554683
550573325946
550624954284
550677560308
550730838546
550784195896
550838721097
550893331392
550948344995
551004058315
551060654347
551117504106
551176040159
551235150928
551294430760
551358147912
551421925178
551486690453
551551857722
551617371004
551684107553
551750924825
551820327187
551890349819
551960774752
552031564030
552102914455
552175593469
552250030167
552325264963
552401243483
552478785978
552556368016
552634594968
552713255465
552793144434
552873138450
552953419979
553038138628
553123723483
553209859439
553297234642
553385249534
553474103709
553563345608
553653744096
553744615259
553838023661
553932162378
554026811161
554122747288
554220068488
554317904863
554415999348
554514149817
554612526670
554711183364
554810386855
554909952188
555009782534
555110318736
555211119179
555312279028
555413503701
555516221225
555623019392
555729950702
555837278650
555946031127
556056335828
556168022200
556281162012
556395106374
556509511992
556626278102
556743896239
556861949249
556980085665
557098807220
557218306195
557340051093
557462651633
557586110391
557709870032
557834431699
557959607982
558085358406
558211240941
558337757238
558464478978
558592289718
558720369289
558848534341
558978887266
559111686524
559244810628
559378686887
559512592497
559646838593
559781091134
559915431318
560050137933
560185509240
560320984879
560456845219
560592788202
560728759299
560865711156
561002947156
561140214437
561280524918
561420925218
561561592157
561703013122
561845722099
561989601608
562133992180
562278758694
562423699460
562568675035
562713922091
562859236962
563007389015
563155779449
563305500153
563455889770
563606519102
563759708109
563912916588
564066401732
564220790001
564375774292
564534742707
564693837557
564853752484
565014370882
565177142033
565340471276
565504651208
565669164668
565834585454
566001240130
566167924833
566334969213
566502456414
566670487917
566839068792
567008193176
567177717419
567350879255
567525292051
567701500656
567878189074
568057386584
568237420167
568418319436
568599411276
568781138954
568963044667
569145785149
569328742432
569514044919
569699848046
569887146614
570074806604
570263659531
570453648876
570644064897
570834633906
571025889859
571217958313
571411360909
571607518011
571805948290
572006287830
572208511577
572413830050
572619303264
572825239341
573031742638
573238303315
573445409059
573653590265
573862672666
574072349130
574282494923
574492747655
574704309825
574916418110
575130043316
575344274399
575559128312
575774822141
575991164269
576208827254
576428251824
576648396225
576868947008
577090199837
577315665246
577541296846
577767745233
577996503214
578225452680
578455003365
578685259453
578916156485
579147077373
579378334159
579610987767
579844004480
580078410873
580313220534
580549168699
580785245886
581022527920
581260014914
581498869310
581738072871
581978424377
582221209108
582465262636
582710338200
582955445696
583201265404
583450049105
583698833947
583947688057
584197030668
584447621786
584699128214
584951553242
585206357933
585462143783
585718246248
585976703822
586235346269
586496980394
586759782406
587022627478
587287194162
587552122546
587817378979
588084132699
588351516526
588620227153
588888972293
589160302483
589432369961
589704594247
589976903780
590249448558
590522488720
590795543354
591069272483
591343789178
591619022348
591894976122
592173957057
592454607444
592736278510
593018243309
593300672479
593585056962
593871096121
594157304795
594443995499
594731537518
595020227996
595309584792
595599650239
595890333690
596181246778
596472249782
596763413377
597055420941
597347631645
597640389859
597933180691
598226950323
598521056998
598816006432
599112184930
599409312890
599706926748
600005208590
600304178337
600603242199
600903998991
601204978112
601507151526
601810125950
602113582548
602418855408
602724344678
603030889827
603339370975
603647891017
603956429297
604267176575
604578674700
604890547080
605202655386
605516172735
605829825758
606143680955
606457939386
606772886382
607088796940
607406132497
607725271863
608046226258
608369237663
608693200646
609017919550
609343061072
609668593074
609994328600
610320194964
610646109802
610972294667
611299071227
611627715334
611957344729
612290525963
612623737008
612960449061
613297544687
613634862806
613972316341
614313203195
614656295644
615000524078
615345196366
615690005508
616035182891
616380736228
616726804495
617073118266
617424730148
617776714546
618129076276
618482777672
618836757477
619191849214
619546941242
619902484195
620258317839
620615546385
620974016739
621332528487
621691195806
622049983181
622408810669
622767713769
623127792477
623488308485
623849238721
624210372562
624572114429
624935592902
625302979442
625671430996
626042868822
626415084560
626787600602
627161295976
627536847544
627913572125
628292397040
628671791200
629052009443
629434107180
629817058763
630200284956
630584291364
630968583840
631353026396
631737659561
632122634336
632507979885
632894494874
633281435266
633669032056
634056915665
634445823137
634836471976
635230996737
635625666795
636020476107
636420208913
636819957531
637220147821
637621397419
638024201418
638427799651
638836148374
639244731250
639654881791
640065130345
640475750873
640886555434
641297449367
641710821499
642124474706
642538568572
642953621045
643369014723
643784564708
644200520476
644617399964
645034600159
645452960972
645871939653
646291682101
646714063300
647137532762
647562108513
647986967977
648412944438
648841710676
649270754250
649699995426
650129477952
650560138161
650993970619
651429687092
651865415399
652301436387
652737829090
653174356096
653611239268
654048708083
654486726639
654924853096
655363244581
655802581221
656242796891
656684256012
657128520038
657574786682
658021120581
658468103687
658915240399
659365737437
659817128637
660271439284
660726343699
661181489288
661637368814
662094715802
662552815171
663011202015
663471860021
663934785724
664398115114
664864327611
665330995537
665799255466
666268052609
666738323970
667209446579
667680583255
668155952357
668631803571
669108403322
669585145322
670062674367
670541258107
671021422243
671502213855
671984468132
672467861524
672952088369
673436670367
673921259290
674406819562
674892391982
675381515389
675870703161
676359932848
676851182183
677342835705
677837925671
678333454233
678830035092
679327256088
679824478314
680321968624
680820699582
681319513611
681818735028
682318018331
682818267204
683318597879
683821696562
684325078234
684830043507
685335900513
685843878570
686354774089
686866902610
687379230308
687893323216
688407750463
688922313228
689436889359
689951697779
690467553941
690983755980
691501692101
692019797557
692538035664
693056894229
693576258144
694096507777
694616925420
695137697181
695659618488
696181572415
696703802292
697226988373
697751105342
698275663487
698800407177
699325542711
699851830640
700379382045
700911745768
701444342941
701976952609
702512834218
703048803601
703585170164
704122206883
704659295654
705197951069
705736633109
706276866373
706818944680
707364291497
707909691165
708455503878
709002144759
709549417120
710097188990
710645705023
711195021289
711749584530
712305136197
712862216378
713420993055
713979786542
714540472973
715103477782
715667452512
716231854475
716797541000
717364912051
717934169264
718504447411
719077010886
719649794941
720223311675
720797385336
721371517687
721946039107
722520924307
723097939474
723676044210
724255709956
724835549024
725415537188
725995831396
726577093532
727160871640
727746084861
728331964031
728918714162
729505521211
730093635113
730682415624
731271676950
731863000472
732454352702
733046453509
733640687465
734235101261
734830739918
735426452441
736022313974
736618337262
737214961688
737812810063
738411921519
739011232098
739611033919
740211077046
740811479159
741412056672
742013416944
742615572123
743220010715
743825927692
744434286811
745043347841
745652583453
746263363880
746875389057
747492329668
748110062605
748727845855
749346835557
749968870434
750591101009
751213731181
751837674443
752461724665
753086834060
753712495494
754339000794
754966317730
755595944646
756225866750
756856247173
757487433303
758119660909
758753899924
759389851901
760027116595
760665693210
761304804916
761944406964
762585111976
763226482630
763869892941
764513352244
765158053981
765803248293
766449451593
767096921649
767745325334
768394240731
769043523184
769693627381
770345692399
770999845954
771655470076
772311341466
772968560279
773625889739
774286334588
774947937769
775609755580
776271882496
776934510318
777598392977
778262694819
778927021778
779593570467
780261172245
780929476275
781598280121
782269255201
782940430182
783611835009
784283875560
784955995643
785632296278
786308627790
786986597446
787666103590
788349585617
789033219173
789717130008
790401282090
791086958411
791774001464
792464361636
793155375538
793847750283
794540730834
795234664025
795930250245
796627624421
797325886107
798024748325
798726755648
799429143879
800132291477
800838583948
801544894017
802252764379
802961061652
803669529180
804379947588
805090925817
805802692996
806514532561
807226733855
807939063018
808651632709
809364585187
810077695302
810791397141
811505916581
812220702414
812936077899
813651626587
814369102557
815086823269
815805873872
816525606165
817248994427
817974991591
818701942592
819431606444
820162247343
820893557312
821625167738
822360239880
823097128761
823834577535
824572338673
825310372954
826049263679
826788164266
827527565641
828267979792
829009015056
829750162886
830491384878
831233191816
831975123997
832719753683
833465071215
834210940812
834958237758
835707610236
836457579922
837207890627
837958787521
838709943595
839461533568
840213313494
840965330595
841718609535
842471897837
843225743569
843980133679
844734752183
845489857650
846245120449
847004470806
847764278351
848525617072
849289634307
850055573903
850822475588
851593092333
852364866772
853138116938
853912324288
854688207669
855464870869
856243693433
857023599567
857803744472
858584872167
859366400369
860148468387
860931276116
861716336409
862501813890
863289673176
864078757817
864867956392
865657626464
866447496434
867237545615
868029305598
868821342607
869614812920
870409773359
871204942049
872000663443
872796555781
873592513110
874388887627
875186214967
875984323399
876786232340
877588380117
878392805702
879197525885
880002960549
880808740796
881614769699
882423060544
883232802591
884043180060
884853795983
885666841228
886481719413
887297569280
888114066730
888931359534
889749810417
890568417486
891387990526
892208520984
893029252933
893850988298
894675870682
895500926237
896328757620
897158088511
897988739946
898822613756
899659204051
900496183275
901333432623
902171064266
903009301093
903847580745
904686904966
905526525368
906367055496
907207863191
908049245229
908890909522
909733714344
910578924242
911425034133
912272953524
913121970924
913974426417
914826988555
915680931979
916535671665
917391647946
918251933760
919112288564
919975433040
920839600305
921704486159
922570102631
923436192216
924302380822
925168600574
926035864971
926906783918
927778013079
928652724331
929527710883
930402874397
931280497880
932159702845
933040391809
933921164123
934803955813
935687374003
936572235071
937457235776
938342879386
939232986613
940128023738
941024966740
941922889379
942822570713
943725414738
944630718997
945536136144
946444097984
947353023572
948263328993
949175525753
950089953849
951006648667
951923888834
952842557430
953761296493
954680946349
955601037358
956521150372
957441519043
958363772705
959287392814
960211722001
961136439973
962061316052
962986310209
963912623729
964840198069
965767919235
966696736334
967625584345
968556407681
969493904350
970435140352
971377240625
972322618754
973268287201
974218715645
975170916250
976124723938
977078767469
978033867108
978993349158
979952868739
980914221681
981876503655
982840639069
983804847826
984769276931
985734522455
986700089611
987666891070
988633990880
989603996990
990575302902
991546867768
992519591689
993495356375
994472142583
995452604327
996436029682
997422000318
998408748559
999395792373
1000388932819
1001385270995