100
77 3 36702261
77 9 181169862
96 11 472353313
33 13 34902841
88 14 568597581
75 16 692708512
15 17 456158665
40 22 773519252
62 23 9066106
7 25 433593060
15 7 689879404
6 27 821081514
1 28 987705261
97 1 278556959
80 29 655641503
8 30 339861789
57 31 849506792
79 32 211400143
48 33 371626318
15 34 46278322
71 41 820435114
100 42 554582752
8 43 35914670
10 8 745886341
39 45 777398687
96 46 851239848
90 48 497296269
21 49 215400075
76 53 491676966
35 54 889796662
40 35 940136007
6 40 132760810
50 55 92340086
91 56 274857331
59 57 669772712
2 59 907527364
24 61 583141704
92 62 204412329
4 63 217410124
82 65 475331864
58 66 59299146
90 58 966735136
38 69 308473529
36 38 376094479
10 71 100929842
84 72 635560994
36 77 292388274
90 36 190835697
95 79 176862783
15 80 173271203
26 81 243950363
51 26 602841760
68 51 879473501
78 82 736427487
37 83 78082044
64 85 191048432
50 64 477990907
97 50 335545369
12 86 207004701
24 12 643690082
6 24 711716962
67 6 570029636
21 67 603572521
4 21 458676602
37 4 821585017
98 37 17690208
78 88 704833205
84 78 94344422
5 84 609482220
89 5 338391093
76 90 954141337
89 76 267712651
39 89 985389131
19 39 398249296
47 19 487822532
68 47 663645775
94 68 883865431
75 91 730711537
60 75 68554626
44 60 628011076
73 92 82795113
44 73 617537148
70 94 668014964
95 70 883334731
93 95 176903986
52 93 655831810
15 96 464231683
52 15 661871115
98 52 73485119
98 97 820170345
87 98 585593494
74 87 897111562
44 74 976887693
2 44 720627718
10 2 910346397
20 99 851314140
10 20 129014219
18 10 804833188
18 100 169565829
47 1 741077659
84 2 761577468
69 4 528752096
81 10 494985728
48 14 547473140
26 15 563042401
45 17 107459419
12 22 362209839
20 24 572532672
90 26 667825485
74 28 817187585
91 31 155171611
85 32 609312512
85 35 393503064
95 36 543254479
90 39 962792270
74 40 652026474
83 43 458929482
92 45 515203508
6 48 868109042
60 55 280509708
47 56 489445647
81 47 728870954
65 58 626581722
65 60 931840025
7 61 866267381
44 64 44309904
11 44 350192047
12 11 890199470
59 66 837721312
6 59 921036732
5 67 657729694
90 68 662897678
52 69 125495684
85 70 777022239
37 72 350794637
79 37 66958262
77 73 792439500
13 74 557812487
100 13 320400504
9 75 99674729
63 9 329952481
33 76 658797092
21 33 5252599
49 78 14249970
96 79 834738777
27 80 303214846
7 27 728729745
62 81 894645904
57 62 213210296
50 57 367477571
7 50 576094479
19 7 703582729
54 19 557819693
5 54 552506322
25 82 347997864
18 25 187561687
63 18 334497308
3 84 35153548
51 85 192397341
52 87 836770875
5 52 718217102
16 88 963869587
65 89 672632809
41 90 602136560
86 91 258375162
12 86 206954415
83 92 517640657
16 93 717128404
21 94 918150945
12 95 578950427
20 12 854968951
5 20 691215058
16 96 874181175
46 97 88529253
23 98 300407771
21 99 801055486
16 21 178258005
71 16 393402750
63 71 507886168
65 63 596947129
8 65 88251887
46 8 730290243
6 46 811024025
34 6 694656353
38 34 635901927
5 38 137768971
77 5 646301680
51 77 406447942
83 51 500932704
3 83 974748651
41 3 586233462
30 41 631232669
53 30 738570483
42 53 151915020
29 42 280980194
49 29 411686573
23 49 268279657
23 100 972819157
