49112028434
48131891902
47192000535
46259422746
45437328236
44660922224
43898211629
43145855876
42423945588
41729270927
41042194767
40389276599
39752980103
39164106555
38617473612
38099606944
37585156437
37082838720
36610502345
36138789096
35676646375
35265336962
34876907339
34496016418
34136284999
33783801408
33443647994
33104348919
32767058579
32430031139
32124581683
31836628643
31551862286
31317660634
31083478386
30912960710
30755600645
30601703376
30472979255
30365123223
30258810731
30178820338
30103133630
30031590665
29960433255
29910174601
29893772219
29893024122
29892973836
29933923586
29976773781
30025227734
30112927792
30204055687
30310939423
30430036656
30572538075
30740486675
30926794384
31176930365
31427796570
31678973951
31962099628
32253470508
32564812480
32878040808
33198446807
33525875205
33864195544
34234702638
34629447512
35024719518
35422631887
35824983204
36229903362
36636491644
37047792507
37501806130
37964326830
38460809554
38965416597
39505641015
40061099557
40622995100
41185195939
41749738913
42371286076
42996786761
43641518744
44319624912
45018775950
45720644172
46430288559
47205397914
47999113976
48855604943
49717342529
50580627928
51518544244
52484226789