934 960
215 980 723 695 644 794 417 908 878 850 168 669 62 279 566 578 189 454 33 227 575 489 970 437 536 503 286 94 500 896 923 942 288 549 594 917 360 14 305 469 749 810 563 451 576 721 765 665 321 59 169 413 174 73 671 33 89 602 645 846 810 237 669 297 248 871 112 379 387 41 105 943 444 711 103 520 273 378 323 104 956 311 234 536 221 80 491 856 796 533 973 935 582 388 89 660 9 774 708 114 566 229 898 72 466 871 994 139 962 932 986 927 849 20 853 555 948 376 552 331 222 824 157 862 452 106 156 48 639 416 418 281 714 489 995 617 16 822 685 704 308 477 90 455 13 401 734 133 499 463 404 610 536 91 676 591 154 432 37 940 543 784 488 606 12 404 804 483 846 821 320 348 492 111 376 726 1 374 431 744 91 216 569 583 562 260 172 104 550 325 8 430 776 154 613 974 408 889 781 412 284 163 420 64 405 680 103 773 181 867 97 562 530 224 174 949 965 872 979 639 915 756 787 282 984 354 698 587 74 957 45 221 882 124 24 365 759 356 917 932 33 31 242 259 785 351 369 250 750 946 299 944 296 873 837 709 896 531 817 835 62 569 382 855 760 409 795 584 984 589 27 196 789 236 477 286 584 215 663 408 280 13 635 169 870 536 495 857 753 556 567 280 745 340 710 680 639 879 679 901 936 823 43 811 825 129 462 375 991 136 116 276 67 536 219 680 674 678 27 212 457 149 676 390 748 967 902 25 156 231 755 698 258 913 472 466 942 446 911 514 694 759 648 858 180 244 586 465 536 787 533 599 336 374 393 110 703 645 855 523 763 86 887 486 148 202 367 491 889 164 569 637 469 631 310 727 79 629 993 162 380 257 439 123 280 479 455 531 633 848 687 756 136 669 826 171 830 348 758 650 95 376 876 695 237 878 584 957 16 920 674 410 882 949 522 286 818 927 492 1 229 940 656 829 782 27 422 120 870 134 677 737 411 61 196 794 827 382 294 930 594 964 449 434 543 116 621 298 458 153 587 152 408 160 914 783 325 627 2 35 126 137 348 944 837 138 766 100 603 199 427 816 212 375 57 298 652 682 712 420 824 985 496 270 811 539 203 384 987 553 381 560 440 554 161 976 642 543 183 174 179 535 279 20 183 154 72 515 578 72 26 840 521 538 30 645 239 320 403 705 681 873 824 77 633 221 432 447 350 523 704 977 345 727 92 890 512 317 111 571 510 789 365 548 497 786 690 835 513 411 236 843 670 215 244 600 154 950 255 406 91 8 923 35 793 406 48 439 331 87 143 803 124 532 312 463 185 460 361 72 956 871 764 452 957 309 224 325 339 16 382 693 871 805 700 318 824 422 813 741 918 10 734 917 536 577 369 554 322 956 422 825 848 155 924 61 674 989 132 792 900 978 148 965 778 522 262 816 774 639 898 602 271 502 830 309 830 568 956 821 378 141 837 998 451 142 437 895 201 451 79 878 965 987 827 988 126 503 511 946 302 974 869 832 226 176 558 844 122 878 167 553 418 814 705 822 831 884 269 760 544 730 867 899 151 710 322 811 435 491 313 901 509 773 587 708 707 11 77 773 8 603 825 173 49 15 496 675 688 230 750 881 86 554 174 350 424 583 943 842 152 104 971 823 755 37 319 602 981 615 613 909 709 977 172 615 434 760 709 680 812 154 959 659 388 937 321 82 80 18 383 499 435 100 581 209 802 124 588 663 175 72 428 878 762 711 328 691 59 713 410 512 943 782 648 852 658 550 13 775 546 131 708 130 702 498 373 916 874 413 58 957 978 370 156 134 448 149 794 958 723 963 423 829 947 930 112 302 840 589 281 643 35 61 51 481 163 47 399 351 209 725 620 322 963 333 820 695 660 947 244 234 330 698 439 332 926 334 193 943 518 29 388 144 892 326 235 401 471 955 130 601 288 604 146 568 630 977 44 88 426 314 319 941 874 620 332 211 976 218 113 816 876 459 15 500 685 23 289 72 556 977 75 116 800 620 407 909 641 28 235 527 854 158 457 912 434 980 393 657 411 566 833 386 651 499 155 496 901 922 536 727 864 437 228 629 326 765 987 90 162 519 650 151 972 461 332 724 690 70 950 32 526 41
2 55 364
1 473 821
2 64 848
2 2 726
2 919 932
1 760 544
1 735 51
2 417 903
2 55 299
2 458 798
2 321 602
2 286 537
1 274 656
2 172 278
2 554 765
2 435 484
2 207 329
2 260 353
2 684 771
1 39 503
2 770 784
1 574 310
2 18 32
2 290 419
2 388 419
1 544 851
1 564 489
1 195 303
2 26 817
2 249 466
1 582 607
1 478 550
1 321 859
2 106 912
1 768 322
2 190 380
1 316 442
2 176 720
1 897 433
2 436 865
1 181 91
2 397 594
1 642 861
2 85 563
2 394 919
1 205 988
2 484 828
1 463 11
1 303 77
1 533 969
2 265 629
1 243 737
1 166 182
1 124 858
1 489 474
2 643 732
1 153 393
1 934 843
1 354 535
1 848 152
2 250 920
1 908 616
1 459 880
2 821 823
2 373 739
2 415 721
1 680 830
1 20 688
1 886 632
2 51 195
1 435 456
2 78 673
2 96 782
1 485 940
2 454 610
2 266 389
1 5 184
1 37 946
2 333 673
2 115 473
2 154 393
2 401 760
1 667 497
2 33 483
1 607 399
1 369 886
1 698 556
2 538 853
1 352 485
2 317 826
1 751 398
2 203 327
2 248 766
2 56 574
1 575 122
2 252 859
1 659 590
1 332 204
2 845 904
1 802 430
1 556 189
1 692 153
2 44 808
2 64 236
2 275 338
2 249 547
1 230 135
2 239 566
1 659 139
1 733 152
1 119 94
2 733 906
2 200 241
1 537 845
2 639 743
2 466 903
2 185 555
1 851 850
2 70 251
1 688 656
1 79 697
2 437 644
1 171 386
1 270 441
1 912 113
1 661 188
2 18 466
1 317 952
1 277 994
2 573 577
2 162 572
2 88 753
2 162 322
2 377 921
2 30 34
2 504 505
1 725 517
2 738 844
1 746 875
2 328 426
2 233 453
1 471 222
1 868 147
2 337 538
2 124 330
2 291 369
1 245 616
1 41 273
1 929 410
1 128 134
2 658 760
1 550 990
1 293 262
1 920 345
1 284 248
2 314 883
2 295 727
1 112 255
2 561 660
1 741 76
2 92 627
1 870 199
2 528 791
2 694 729
1 260 792
1 137 993
1 886 660
1 496 434
1 95 548
1 403 6
2 260 627
2 456 768
2 149 249
2 820 895
1 639 440
2 417 544
2 478 792
2 426 877
2 415 915
1 95 651
1 861 748
1 697 42
2 631 715
1 565 492
1 127 633
2 419 528
1 888 685
1 543 225
2 298 699
1 819 200
2 288 454
1 341 678
1 763 287
2 835 887
1 339 309
1 16 90
1 465 886
2 335 865
1 708 916
1 601 83
2 432 545
1 743 216
2 41 351
2 408 574
1 297 244
2 496 654
2 359 453
2 581 817
1 418 700
2 847 853
2 264 766
2 206 275
2 514 693
1 217 822
1 112 920
2 447 795
2 376 545
2 61 163
2 14 754
2 113 411
1 47 551
2 656 910
1 42 795
1 20 682
2 161 362
2 129 450
1 363 89
1 524 457
1 541 690
1 885 513
1 52 298
2 41 833
1 219 700
2 475 673
2 462 803
2 107 284
1 130 959
1 43 336
1 232 377
2 351 454
2 276 776
1 618 983
2 506 597
2 77 353
2 548 744
2 173 436
1 816 675
1 640 22
2 559 755
2 695 755
1 920 330
1 320 939
1 792 94
1 873 116
2 474 835
2 170 800
1 233 811
2 185 731
1 358 5
2 637 749
2 767 867
1 340 201
1 92 313
1 531 887
1 547 654
1 424 455
2 46 201
2 724 733
2 300 598
2 516 801
2 487 541
2 445 801
1 424 152
2 159 847
1 175 288
1 275 420
1 632 832
2 4 560
1 26 918
1 688 565
2 572 747
1 576 149
1 194 416
2 387 722
2 342 764
2 403 655
2 612 810
1 272 578
2 534 717
2 81 665
1 198 138
1 298 686
2 79 140
2 155 660
2 319 752
2 606 765
1 474 286
1 708 874
1 827 611
1 482 857
1 758 230
1 511 909
1 652 475
1 35 809
1 554 527
1 783 146
1 827 95
1 94 110
1 750 625
2 41 465
2 375 910
1 738 602
2 491 789
2 391 406
2 77 309
1 934 980
2 630 810
2 504 767
2 80 312
1 342 886
1 170 200
2 193 436
1 742 277
1 801 276
1 906 346
1 257 961
2 762 795
2 477 928
1 251 46
1 606 124
1 593 806
1 694 758
1 204 937
2 421 829
2 48 77
1 837 528
1 296 901
1 123 108
1 292 735
1 434 449
2 539 920
1 378 255
2 418 888
2 229 481
2 457 836
1 748 939
1 926 395
2 667 747
2 213 549
2 584 806
2 499 500
1 453 793
2 246 816
2 204 244
2 806 852
1 826 523
1 312 87
1 784 25
2 528 835
2 49 99
2 251 540
2 175 629
2 190 343
1 262 570
2 703 722
2 391 402
1 744 461
2 78 482
1 675 763
1 562 549
2 771 853
2 568 875
1 918 852
1 89 915
2 352 555
2 276 420
2 36 539
2 318 507
2 274 756
1 520 509
1 644 373
1 727 461
2 245 679
1 673 309
1 190 661
2 81 469
1 181 213
2 323 789
1 476 302
1 670 890
1 194 861
1 414 445
1 593 311
1 308 90
2 64 518
1 533 88
1 342 120
1 243 62
2 536 797
2 489 702
2 348 598
1 26 501
2 370 580
1 923 829
2 110 770
2 297 846
2 131 911
1 120 523
1 737 912
1 710 313
2 135 441
1 125 39
1 504 643
2 100 381
1 877 721
1 540 783
1 918 111
1 727 407
2 190 531
1 608 56
2 843 862
1 150 601
1 1 652
2 411 841
1 428 262
1 863 30
1 623 500
1 760 571
2 88 606
1 482 277
1 456 791
2 171 645
2 591 619
2 326 402
1 652 111
2 245 796
1 706 359
2 488 493
1 588 548
1 806 737
2 102 241
1 884 865
2 226 363
1 1 31
2 31 916
1 621 848
1 172 289
2 385 817
2 71 88
2 74 100
1 626 947
2 191 424
1 921 888
1 917 450
2 180 548
1 129 760
2 43 932
1 106 362
2 36 69
1 381 743
1 225 144
1 756 355
2 596 813
1 428 462
1 530 927
1 919 207
2 46 721
1 867 60
1 781 487
2 279 903
1 663 678
1 207 454
2 179 820
2 104 542
2 37 555
1 783 216
1 920 281
2 181 583
1 514 435
1 516 360
1 506 451
2 310 507
1 77 415
1 335 965
1 136 558
1 447 377
1 893 352
1 227 795
2 78 289
1 186 716
2 407 474
1 443 173
2 694 715
2 739 884
2 318 456
2 542 850
2 509 905
2 12 727
1 232 984
2 70 502
1 366 889
1 164 283
2 124 909
1 858 212
2 90 351
1 896 151
2 696 702
1 676 752
2 443 839
2 429 535
2 312 393
1 752 762
2 330 354
2 370 875
1 657 787
2 13 455
2 542 549
2 72 466
1 850 792
1 664 236
2 188 804
1 63 831
1 816 561
1 838 193
1 182 590
1 439 279
2 18 483
2 470 544
2 122 258
1 817 201
1 384 655
2 129 934
2 280 428
1 389 751
2 513 521
1 587 953
1 776 697
2 78 616
1 393 758
1 134 368
2 30 144
1 165 135
1 763 437
1 385 142
1 22 920
1 502 436
2 474 791
1 661 427
1 349 944
1 547 929
2 592 713
2 261 932
2 44 887
2 152 464
1 560 170
1 340 638
2 116 429
2 142 305
1 134 570
2 754 861
2 166 211
2 450 524
1 805 950
2 691 894
2 623 770
2 310 751
2 560 719
2 480 482
2 63 139
1 697 429
2 230 496
1 627 320
2 783 918
2 743 812
1 832 301
1 229 257
2 36 268
1 133 809
2 415 821
2 663 829
1 187 797
1 211 378
2 265 484
1 359 878
1 137 328
2 228 238
1 825 628
1 363 635
2 300 604
1 582 820
2 754 862
1 880 692
1 378 961
1 803 548
1 636 725
2 129 746
2 460 933
2 111 777
1 731 362
1 849 869
1 55 521
2 689 917
1 888 281
1 780 610
1 25 127
1 159 235
1 890 350
1 844 854
2 868 926
1 374 869
2 790 848
1 882 719
2 282 501
1 89 737
2 146 389
1 206 280
2 339 569
2 244 245
1 27 14
1 33 23
2 130 390
2 36 721
1 591 723
2 128 907
1 780 143
2 493 611
1 88 214
2 261 701
1 255 486
1 384 819
2 55 394
1 476 105
1 777 823
1 851 898
1 763 144
1 193 66
2 405 713
2 417 738
2 113 647
1 409 897
1 16 231
1 633 658
1 113 491
2 373 629
1 351 544
2 92 316
1 706 883
2 352 672
2 436 752
1 815 876
2 693 731
1 11 979
2 147 218
2 27 654
1 231 480
2 548 664
2 262 550
2 322 457
1 326 125
1 126 594
2 174 781
2 401 839
2 144 438
1 24 392
1 620 770
2 446 522
2 37 122
1 23 563
1 296 476
2 179 846
1 693 319
1 625 533
2 691 808
2 215 537
1 428 191
2 327 469
1 443 261
2 118 634
2 361 663
2 720 747
1 125 26
2 255 313
2 395 405
1 871 761
1 416 991
2 125 728
2 678 786
2 750 870
1 204 667
2 237 922
1 105 285
2 417 786
2 484 537
2 876 879
1 878 658
2 242 592
2 55 117
1 185 697
1 377 251
2 278 374
2 897 926
2 262 734
2 275 535
2 346 697
2 502 739
2 378 744
2 59 560
2 483 660
2 254 371
1 44 138
1 1 48
1 163 756
2 128 849
1 188 162
1 202 196
1 555 597
1 619 730
1 259 596
1 908 682
1 400 531
1 907 506
1 648 288
2 399 401
2 482 863
2 255 720
2 2 127
2 349 805
2 832 898
1 86 891
1 519 736
1 687 833
1 586 244
2 385 389
2 39 262
1 829 826
1 676 275
1 636 542
1 815 298
2 373 877
1 514 850
1 889 32
1 747 650
2 121 638
1 788 590
2 187 789
2 356 603
2 667 794
1 766 425
2 67 316
2 239 497
2 3 837
1 155 746
1 394 792
1 621 824
1 4 166
1 673 675
1 909 100
1 727 979
2 170 410
2 138 652
2 228 599
1 297 56
1 341 423
2 316 492
1 557 187
2 142 700
1 379 67
1 428 255
2 6 160
1 10 150
1 428 794
1 40 224
1 2 293
2 174 726
1 675 894
1 157 184
2 722 924
2 215 859
1 52 447
1 890 62
2 44 455
1 197 48
2 671 759
2 219 806
2 197 596
1 831 82
2 543 558
1 702 597
1 244 509
1 706 855
1 705 163
1 289 782
1 220 916
2 42 182
1 283 132
1 563 349
1 3 476
2 142 238
2 210 618
1 282 315
1 792 875
1 259 492
1 482 397
2 261 424
1 286 475
2 450 498
2 26 491
1 316 361
1 767 979
2 139 801
1 620 905
1 40 130
1 536 860
2 430 764
1 78 264
2 244 512
2 10 689
1 335 764
2 182 906
2 323 673
1 340 862
1 493 275
1 804 485
1 434 427
1 859 600
1 64 213
1 478 931
2 463 660
1 465 251
1 529 114
1 404 436
1 697 407
2 54 576
1 624 465
2 304 528
2 846 858
2 127 703
2 268 577
1 59 412
2 330 513
1 266 291
1 375 493
2 20 638
1 39 335
2 153 883
1 461 236
1 177 990
2 81 446
2 355 837
2 520 767
1 600 709
2 335 647
2 10 444
1 414 591
1 910 168
1 778 650
1 78 156
1 19 85
2 513 591
1 756 175
2 400 896
1 441 427
2 416 858
2 137 786
2 312 544
1 20 733
1 287 886
1 309 492
2 525 645
2 84 823
1 808 739
2 48 721
1 475 300
1 142 713
2 216 778
1 691 908
1 863 809
1 569 657
1 533 450
2 292 927
1 664 450
2 176 673
1 636 157
1 923 237
2 92 537
2 60 511
1 166 779
1 517 71
1 872 216
2 857 918
1 665 86
2 294 626
2 618 906
2 62 753
1 655 887
2 136 198
2 543 689
2 469 591
1 570 969
1 459 995
1 183 122
2 117 472
1 611 722
2 112 176
2 55 410
2 366 629
1 284 662
2 167 671
1 508 854
1 18 824
1 871 463
2 508 920
2 150 896
2 168 916
1 734 204
1 318 111
1 847 931
1 677 664
1 218 822
2 569 913
1 692 245
2 339 520
2 478 770
1 7 56
1 773 329
1 167 784
2 500 534
2 777 785
1 431 20
2 162 820
2 868 885
1 739 960
2 695 914
2 145 164
2 128 699
2 870 915
1 508 4
1 421 55
2 609 909
2 718 757
1 222 489
2 319 700
1 455 756
2 135 263
1 18 598
2 74 822
2 647 679
2 115 241
1 172 635
1 828 332
2 592 824
2 427 521
2 127 303
1 876 306
2 314 750
1 234 152
1 363 255
2 520 926
1 521 168
2 679 734
